[1] "Running Accuracy Assessment and generating adjusted areas...."
[1] "Fri Jan 21 12:14:07 2022"
'data.frame':	11 obs. of  2 variables:
 $ class_code    : int  111 112 171 172 555 711 712 777 1115 1125 ...
 $ area_mapped_ha: int  621188 79375 99335 6700 161473 29951 1085 406845 43079 12770 ...
NULL
   class_code area_mapped_ha
1         111         621188
2         112          79375
3         171          99335
4         172           6700
5         555         161473
6         711          29951
7         712           1085
8         777         406845
9        1115          43079
10       1125          12770
11       7775           9342
'data.frame':	2800 obs. of  2 variables:
 $ predicted: int  111 111 111 111 111 111 111 111 111 111 ...
 $ observed : int  111 111 111 111 111 111 111 111 111 111 ...
NULL
   predicted observed
12       111      111
18       111      111
45       111      111
51       111      111
62       111      111
71       111      111

 111  112  171  172  555  711  712  777 1115 1125 7775 
  55   55  299  756  401   84   55  930   55   55   55 
         observed
predicted 111 112 171 172 711 712 777
     111   53   0   0   0   0   0   2
     112    0  55   0   0   0   0   0
     171  222   0  15   0   6   0  56
     172    0 667   0  37   0   3  49
     555  258  18  11   1   7   0 106
     711   59   0   0   0   6   0  19
     712    0  53   0   0   0   0   2
 [ reached getOption("max.print") -- omitted 4 rows ]
         observed
predicted     111     112     171     172     711     712     777
     111  0.40689 0.00000 0.00000 0.00000 0.00000 0.00000 0.01535
     112  0.00000 0.05395 0.00000 0.00000 0.00000 0.00000 0.00000
     171  0.05013 0.00000 0.00339 0.00000 0.00135 0.00000 0.01265
     172  0.00000 0.00402 0.00000 0.00022 0.00000 0.00002 0.00030
     555  0.07062 0.00493 0.00301 0.00027 0.00192 0.00000 0.02901
     711  0.01430 0.00000 0.00000 0.00000 0.00145 0.00000 0.00461
     712  0.00000 0.00071 0.00000 0.00000 0.00000 0.00000 0.00003
 [ reached getOption("max.print") -- omitted 4 rows ]
  class_code class_desc area_mapped_ha area_est_ha  aaboot_mean lci_area_ha uci_area_ha
1        111  Stable LF         621188 920672.7022 920937.25982 890194.8782 946413.6743
2        112  Stable UF          79375 111645.9995 111651.52012 108195.0092 115346.7290
3        171 DF Lowland          99335  14564.6494  14514.79829  10778.2891  18495.0884
4        172  DF Upland           6700    730.5859    724.26431    274.7354   1527.0751
5        711 AR Lowland          29951  15263.3194  15296.49659  11344.4086  19497.1367
6        712  AR Upland           1085     26.5873     26.48361      0.0000     53.1746
7        777  Stable NF         406845 408239.1564 407992.17726 382273.6887 438329.5911
  class_code class_desc area_mapped_ha area_est_ha  aaboot_mean lci_area_ha uci_area_ha
1        171 DF Lowland         9933.5  1456.46494  1451.479829  1077.82891  1849.50884
2        172  DF Upland          670.0    73.05859    72.426431    27.47354   152.70751
3        711 AR Lowland         2995.1  1526.33194  1529.649659  1134.44086  1949.71367
4        712  AR Upland          108.5     2.65873     2.648361     0.00000     5.31746
5        777  Stable NF        40684.5 40823.91564 40799.217726 38227.36887 43832.95911
  class_desc area_est_ha aaboot_mean lci_area_ha uci_area_ha
1 DF Lowland  1456.46494  1451.47983  1077.82891   1849.5088
2  DF Upland    73.05859    72.42643    27.47354    152.7075
3      Total  1529.52352  1523.90626  1143.03191   1925.6132
   class_desc area_est_ha aaboot_mean lci_area_ha uci_area_ha
3  AR Lowland  1526.33194 1529.649659    1134.441  1949.71367
4   AR Upland     2.65873    2.648361       0.000     5.31746
31      Total  1528.99067 1532.298020    1138.058  1952.19951
[1] "Fri Jan 21 12:15:13 2022"
[1] "Execution time: "
Time difference of 1.103722 mins
$errorMatrix
         observed
predicted 111 112 171 172 711 712 777
     111   53   0   0   0   0   0   2
     112    0  55   0   0   0   0   0
     171  222   0  15   0   6   0  56
     172    0 667   0  37   0   3  49
     555  258  18  11   1   7   0 106
     711   59   0   0   0   6   0  19
     712    0  53   0   0   0   0   2
 [ reached getOption("max.print") -- omitted 4 rows ]

$errorProportions
         observed
predicted          111          112          171          172          711          712          777
     111  4.068941e-01 0.000000e+00 0.000000e+00 0.000000e+00 0.000000e+00 0.000000e+00 1.535449e-02
     112  0.000000e+00 5.395465e-02 0.000000e+00 0.000000e+00 0.000000e+00 0.000000e+00 0.000000e+00
     171  5.013363e-02 0.000000e+00 3.387408e-03 0.000000e+00 1.354963e-03 0.000000e+00 1.264632e-02
     172  0.000000e+00 4.018130e-03 0.000000e+00 2.228948e-04 0.000000e+00 1.807255e-05 2.951849e-04
     555  7.061880e-02 4.926893e-03 3.010879e-03 2.737163e-04 1.916014e-03 0.000000e+00 2.901393e-02
     711  1.429977e-02 0.000000e+00 0.000000e+00 0.000000e+00 1.454214e-03 0.000000e+00 4.605012e-03
     712  0.000000e+00 7.107028e-04 0.000000e+00 0.000000e+00 0.000000e+00 0.000000e+00 2.681897e-05
 [ reached getOption("max.print") -- omitted 4 rows ]

$rs_AA
  class_code class_desc area_mapped_ha area_est_ha  aaboot_mean lci_area_ha uci_area_ha
1        111  Stable LF         621188 920672.7022 920937.25982 890194.8782 946413.6743
2        112  Stable UF          79375 111645.9995 111651.52012 108195.0092 115346.7290
3        171 DF Lowland          99335  14564.6494  14514.79829  10778.2891  18495.0884
4        172  DF Upland           6700    730.5859    724.26431    274.7354   1527.0751
5        711 AR Lowland          29951  15263.3194  15296.49659  11344.4086  19497.1367
6        712  AR Upland           1085     26.5873     26.48361      0.0000     53.1746
7        777  Stable NF         406845 408239.1564 407992.17726 382273.6887 438329.5911

$rs_AA_annual_df
  class_desc area_est_ha aaboot_mean lci_area_ha uci_area_ha
1 DF Lowland  1456.46494  1451.47983  1077.82891   1849.5088
2  DF Upland    73.05859    72.42643    27.47354    152.7075
3      Total  1529.52352  1523.90626  1143.03191   1925.6132

$rs_AA_annual_ar
   class_desc area_est_ha aaboot_mean lci_area_ha uci_area_ha
3  AR Lowland  1526.33194 1529.649659    1134.441  1949.71367
4   AR Upland     2.65873    2.648361       0.000     5.31746
31      Total  1528.99067 1532.298020    1138.058  1952.19951

$areaLoss
[1] 1456.46494   73.05859

$MCaadeforL
 [1] 1215.6171 1541.1502 1597.3943 1043.1216 1583.3908 1481.9805 1474.3512 1493.6638 1192.2482 1832.0414 1231.9317 1388.1902 1788.1049 1310.9043  834.3280 1503.2712 1664.7612 1020.6535 1689.2892 1064.5739 1318.8412
[22] 1168.3044  823.0552 1092.0837 1347.3386 1271.9481 1251.6478 1217.7637 1244.6027 1475.0129 1554.6473 1380.7416 1430.2877 1160.0134 1409.7363 1172.3676 1820.2621 1232.4290 1457.0490 1851.4247 1293.0836 1375.8430
[43] 1480.4956 1474.4380 1362.0130 1348.5067 1385.2860 1626.7270 1330.6205 1507.7542
 [ reached getOption("max.print") -- omitted 9950 entries ]

$MCaadeforU
 [1]  41.65344  81.03478  73.05859 110.66744  72.17234  76.60356  28.35979  73.05859  73.05859 113.32617  32.79101 111.55368  38.10847 121.30236  68.62737  31.01852 107.12246  31.01852  31.90476  37.22222  33.67725
[22]  31.90476 110.66744  71.28610 107.12246  72.17234  48.74339 117.75738  41.65344  37.22222 108.89495  73.94483  32.79101  65.08240  33.67725 110.66744  32.79101 118.64363  25.70106 148.27629  31.01852 113.32617
[43]  71.28610  33.67725 114.21241  74.83107 110.66744  72.17234 126.61982 113.32617
 [ reached getOption("max.print") -- omitted 9950 entries ]

$ARareas
[1] 1528.991

$MCaaaforMean
[1] 1532.298

$MCaaafor
         711       712
1  1356.1251 1.7724868
2  1707.4932 0.8862434
3  1679.5729 2.6587302
4  1414.8392 3.5449735
5  1325.0808 0.8862434
6  1327.5144 2.6587302
7  1624.2561 1.7724868
8  1669.3039 3.5449735
9  1747.6729 4.4312169
10 1517.6375 0.8862434
11 1409.1820 2.6587302
12 1903.4293 0.8862434
13 1339.6013 0.8862434
14 1096.2646 6.2037037
15 1147.6602 3.5449735
16  985.8175 1.7724868
17 1540.4223 0.8862434
18 1582.7812 0.8862434
19 1626.5279 3.5449735
20 1523.9852 1.7724868
21 1226.0173 2.6587302
22 1579.6442 4.4312169
23 1760.9741 0.8862434
24 1551.1213 1.7724868
25 2079.9908 1.7724868
 [ reached 'max' / getOption("max.print") -- omitted 9975 rows ]

