[1] "Running Accuracy Assessment and generating adjusted areas...."
[1] "Sat Sep 25 06:55:59 2021"
[1] "Sat Sep 25 06:56:05 2021"
[1] "Execution time: "
Time difference of 5.552293 secs
$areaLoss
[1] 8332.147 2681.642

$MCaadeforL
 [1]  9222.080  6259.031  8033.695  6491.130 11234.385 11889.405  9040.515
 [8]  8193.730  7346.382  9470.202  8278.358  5988.281 10273.397  7413.720
[15]  7216.226  8622.456 10032.664  7481.290  8021.012  9637.817  8595.408
[22]  9520.668  8308.491  8805.679  8640.264  9130.592  9033.774  7767.603
[29]  7683.298  9450.710  8529.361  8621.215  8157.654  9027.085  9698.136
[36]  9555.765  8458.606  9251.814  9525.420  9519.121  8633.617  7324.485
[43]  9992.116  7945.209  6463.309  8606.058  8964.965 10015.841 11083.564
[50]  7906.787
 [ reached getOption("max.print") -- omitted 950 entries ]

$MCaadeforU
 [1] 3148.985 3096.555 2248.223 2181.942 1995.415 3214.076 2047.000 3043.616
 [9] 2357.313 3130.672 1734.459 3132.363 2487.530 2731.019 3039.331 2237.233
[17] 2888.207 3819.237 3220.686 3380.336 2088.166 2624.699 2463.172 1913.984
[25] 1678.995 2349.460 3316.813 2522.500 3462.730 3463.652 2565.144 2970.546
[33] 1995.979 1799.763 2494.483 2324.118 3140.747 3318.793 2810.318 2269.851
[41] 3281.094 2860.830 2365.057 2701.228 1328.644 2380.833 2577.173 2985.986
[49] 2254.137 2474.725
 [ reached getOption("max.print") -- omitted 950 entries ]

$ARareas
[1] 6179.583

$MCaaaforMean
[1] 6161.356

$MCaaafor
        711       712
1  3684.283 1692.7410
2  4561.814 1287.6283
3  5772.682 1248.4631
4  5309.078 1833.1420
5  3874.323 1238.2023
6  4799.795 1639.5819
7  5680.819 1435.2712
8  5620.698 1316.7582
9  5313.728 1941.7307
10 3388.041 1227.5018
11 6954.955 1244.6799
12 5103.135 1219.6343
13 5240.175 1012.4286
14 4418.967 1621.7015
15 4891.198 1287.4277
16 5521.058 1244.1162
17 5411.345 1102.1482
18 4505.900 1232.6515
19 5070.425  610.2109
20 4477.100 1744.5113
21 4729.157 1046.7582
22 4968.788 1127.1437
23 6334.820  949.8468
24 4432.347 1421.2626
25 4706.131 1045.5069
 [ reached 'max' / getOption("max.print") -- omitted 975 rows ]

