[1] "Running FRL Estimate Calculations..."
[1] "Fri Nov 21 05:23:40 2025"
[1] "==== debug: CalcFRLDeforestation.R:46"
  stratum aa_em_tco2e_yr lci_aa_em_tco2e_yr uci_aa_em_tco2e_yr
1 Lowland      378782.78         263754.083          484402.43
2  Upland       15696.11           5945.078           30968.71
3   Total      394478.89         277900.505          502002.45
[1] "==== debug: CalcFRLFelling.R:9"
   year volume
1  2006  79480
2  2007  62239
3  2008  64991
4  2009  59614
5  2010  49814
6  2011  34349
7  2012  30517
8  2013  38052
9  2014  46774
10 2015  54349
11 2016  50825
[1] "==== debug: CalcFRLFelling.R:51"
  cols    n     2006       2007      2008      2009      2010      2011      2012      2013       2014       2015       2016       2017       2018      2019      2020
1 2006 3494 -6341.61 -19024.830 -31708.05 -44391.27 -57074.49 -69757.71 -82440.93 -95124.15 -107807.37 -120490.59 -133173.81 -139515.42 -152198.64 -164881.9 -177565.1
2 2007 2439     0.00  -4426.785 -13280.35 -22133.92 -30987.49 -39841.07 -48694.63 -57548.21  -66401.77  -75255.35  -84108.91  -92962.48  -97389.27 -106242.8 -115096.4
 [ reached 'max' / getOption("max.print") -- omitted 14 rows ]
[1] "==== debug: CalcFRLFelling.R:110"
   year volume_logged_m3 area_logged_ha emissions_tco2e removals_tco2e
1  2006            79480           3494        305998.0     -133173.81
2  2007            62239           2439        239620.1      -84108.91
3  2008            64991           3193        250215.4      -98520.01
4  2009            59614           1111        229513.9      -30246.98
5  2010            49814           1469        191783.9      -34661.05
6  2011            34349            833        132243.7      -16630.84
7  2012            30517            688        117490.4      -11238.48
8  2013            38052           1048        146500.2      -13314.84
9  2014            46774           1250        180079.9      -11343.75
10 2015            54349           1688        209243.6       -9191.16
 [ reached 'max' / getOption("max.print") -- omitted 1 rows ]
[1] "==== debug: CalcFRLHardwoodPlantations:204"
  cols        n     2019     2020     2021     2022     2023     2024
1 2019 1687.636 -3063.06 -6126.12 -6126.12 -6126.12 -6126.12 -6126.12
2 2020 1687.636     0.00 -3063.06 -6126.12 -6126.12 -6126.12 -6126.12
3 2021 1687.636     0.00     0.00 -3063.06 -6126.12 -6126.12 -6126.12
4 2022 1687.636     0.00     0.00     0.00 -3063.06 -6126.12 -6126.12
5 2023 1687.636     0.00     0.00     0.00     0.00 -3063.06 -6126.12
6 2024 1687.636     0.00     0.00     0.00     0.00     0.00 -3063.06
 [ reached 'max' / getOption("max.print") -- omitted 1 rows ]
[1] "==== debug: CalcFRLNaturalForestDegradation.R:12"
[1] 149935
[1] "==== debug: CalcFRLNaturalForestDegradation.R:57"
  aa_em_tco2e_yr lci_aa_em_tco2e_yr uci_aa_em_tco2e_yr
1         149935           51444.26           321838.4
[1] "==== debug: CalcFRLBurning.R:36"
'data.frame':	299 obs. of  3 variables:
 $ year   : int  2015 2015 2015 2015 2015 2015 2015 2015 2015 2015 ...
 $ area_ha: num  0.6 0.7 1 1.5 1.7 2.4 2.6 2.7 3.9 3.9 ...
 $ age_yrs: int  15 39 33 20 38 1 13 19 2 24 ...
NULL
[1] "==== debug: CalcFRLBurning.R:42"
  year count   area_ha avg_age_yrs
1 2015    79 1447.0300   14.468354
2 2016    35  855.6200   14.428571
3 2017   123 2709.8500    9.154472
4 2018    62  718.3804    9.580645
[1] "==== debug: CalcFRLBurning.R:61"
  GHG combustion_factor emission_factor global_warming_potential
1 co2              0.46          1580.0                        1
2 ch4              0.46             6.8                       28
3 n2o              0.46             0.2                      265
[1] "==== debug: CalcFRLBurning.R:72"
$total
     2015      2016      2017      2018 
196661.95 105232.96 260664.58  95850.85 

[1] "==== debug: CalcFRLBurning.R:176"
  aa_em_tco2e_yr lci_aa_em_tco2e_yr uci_aa_em_tco2e_yr
1       164602.6           137174.4           190342.4
[1] "==== debug: CalcFRLFuelwood.R:21"
[1] 83171.56
[1] "==== debug: CalcFRLFuelwood.R:77"
  aa_em_tco2e_yr lci_aa_em_tco2e_yr uci_aa_em_tco2e_yr
1       83171.56           59506.28           107842.4
[1] "==== debug: CalcFRLDegradation.R:52"
              source      est       lci      uci
1     FD_Logging_net 159407.6 126380.18 199696.2
2 FD_Biomass_burning 164602.6 137174.39 190342.4
3   FD_NaturalForest 149935.0  51444.26 321838.4
4           FD_total 473945.2 366922.11 645540.9
[1] "==== debug: CalcFRLAfforestation.R:28"
   interval  C_gain_t
1      2006 79552.934
2      2007 71976.464
3      2008 64399.994
4      2009 56823.524
5      2010 49247.054
6      2011 41670.584
7      2012 34094.114
8      2013 26517.645
9      2014 18941.175
10     2015 11364.705
11     2016  3788.235
[1] "==== debug: CalcFRLAfforestation.R:50"
[1] 41670.58
[1] "==== debug: CalcFRLAfforestation.R:83"
  aa_removals_tco2e_yr lci_aa_removals_tco2e_yr uci_aa_removals_tco2e_yr
1              -152931                -271856.6                 -69828.7
[1] "==== debug: CalcFRLAfforestation.R:76"
   cols        n     2019     2020     2021     2022     2023     2024
14 2019 2882.669 3788.235 7576.470 7576.470 7576.470 7576.470 7576.470
15 2020 2882.669    0.000 3788.235 7576.470 7576.470 7576.470 7576.470
16 2021 2882.669    0.000    0.000 3788.235 7576.470 7576.470 7576.470
17 2022 2882.669    0.000    0.000    0.000 3788.235 7576.470 7576.470
18 2023 2882.669    0.000    0.000    0.000    0.000 3788.235 7576.470
19 2024 2882.669    0.000    0.000    0.000    0.000    0.000 3788.235
 [ reached 'max' / getOption("max.print") -- omitted 1 rows ]
[1] "==== debug: CalcFRLHardwoodPlantations.R:10"
   year vol_m3
1  2006  45714
2  2007  48977
3  2008  80092
4  2009  63675
5  2010 109542
6  2011  95856
7  2012  50423
8  2013  59422
9  2014  54972
10 2015  52004
11 2016  36326
[1] "==== debug: CalcFRLHardwoodPlantations.R:79"
[1] 222231.7
[1] "==== debug: CalcFRLHardwoodPlantations.R:89"
 [1] 13270.8527 12006.9620 10743.0713  9479.1805  8215.2898  5195.9446 18645.7343     0.0000     0.0000     0.0000   621.5245
[1] 7107.142
[1] "==== debug: CalcFRLHardwoodPlantations.R:107"
 [1] 212.4 278.0 736.3 164.6 432.3 132.0 110.0 310.0 394.0 375.0 172.0
[1] 6542.543
[1] "==== debug: CalcFRLHardwoodPlantations.R:113"
  cols     n     2006      2007      2008     2009     2010     2011     2012     2013     2014     2015      2016     2017      2018      2019      2020
1 2006 212.4 9240.826  8360.747  7480.669 6600.590 5720.511 4840.433 3960.354 3080.275 2200.197 1320.118  440.0393 9680.865  8800.787  7920.708  7040.629
2 2007 278.0    0.000 12094.866 10942.974 9791.082 8639.190 7487.298 6335.406 5183.514 4031.622 2879.730 1727.8380  575.946 12670.812 11518.920 10367.028
 [ reached 'max' / getOption("max.print") -- omitted 14 rows ]
[1] "==== debug: CalcFRLHardwoodPlantations:204"
   cols        n     2019      2020      2021      2022      2023      2024
14 2019 277.5591 575.0326 1150.0651 1150.0651 1150.0651 1150.0651 1150.0651
15 2020 277.5591   0.0000  575.0326 1150.0651 1150.0651 1150.0651 1150.0651
16 2021 277.5591   0.0000    0.0000  575.0326 1150.0651 1150.0651 1150.0651
17 2022 277.5591   0.0000    0.0000    0.0000  575.0326 1150.0651 1150.0651
18 2023 277.5591   0.0000    0.0000    0.0000    0.0000  575.0326 1150.0651
19 2024 277.5591   0.0000    0.0000    0.0000    0.0000    0.0000  575.0326
 [ reached 'max' / getOption("max.print") -- omitted 1 rows ]
[1] "==== debug: CalcFRLPlantations.R:85"
          plantations aa_em_tco2e_yr lci_aa_em_tco2e_yr uci_aa_em_tco2e_yr
2    Gross em. Hardw.     157222.881         128507.970         184765.000
1    Gross em. Softw.     461856.700         379793.901         555737.176
3    Gross em. Plant.     619079.581         533575.660         716132.927
21  Gross rem. Hardw.    -865684.572       -1051891.941        -630305.124
11  Gross rem. Softw.      -6397.811          -7519.139          -5280.310
31  Gross rem. Plant.    -872082.383       -1057832.333        -637059.051
22     Net em. Hardw.    -708461.691        -907012.422        -467625.855
12     Net em. Softw.     455458.889         373666.912         549940.008
32     Net em. Plant.    -253002.802        -480540.475          -9154.331
[1] "Fri Nov 21 05:23:42 2025"
[1] "Execution time: "
Time difference of 2.25911 secs
$rs_df
  aa_em_tco2e_yr lci_aa_em_tco2e_yr uci_aa_em_tco2e_yr
3       394478.9           277900.5           502002.4

$v_df_L_aae
 [1] 293956.6 446295.2 394181.4 451513.4 364774.1 378832.2 335313.8 307864.9 214722.6 292293.9 333442.0 369989.0 319313.2 356531.1 348653.7 302677.9 366360.6 333113.2 418427.0 318151.9 454631.2 329342.6 392619.6 391195.3 387829.4 300471.3 290750.4 219620.6 326523.4 292972.6 386545.2 348050.3 353517.4 410705.1 293239.2
[36] 381219.4 285632.8 322907.9 339909.7 420102.6 352902.8 425605.3 452810.7 252587.9 317145.3 413711.3 451776.1 389056.5 451832.4 292366.7
 [ reached getOption("max.print") -- omitted 9950 entries ]

$v_df_U_aae
 [1] 18206.895 29825.487  6958.206 28895.185  6599.185  8209.443 14299.614 10044.034 15033.382 32155.469  6238.693 14040.193 21792.350 15859.664 17465.303 24513.269 49517.053  6528.019 23206.020 15056.243  9574.677 16597.815 25083.706 21240.350  9117.331 13490.183  6599.814 22493.730  7387.453  7253.912 23681.996
[32]  7371.302 14743.681 16382.333 15608.342 25813.238  8117.735 22383.822  6740.066 19062.723  7305.030 24272.296 26725.758 14848.068 24139.178 18757.897  6490.032 16830.944 34556.031  7100.246
 [ reached getOption("max.print") -- omitted 9950 entries ]

$rs_fd_lg
          sourcesink        em       lci       uci
1 FD gross emissions 199851.40 166669.90 235640.76
2  FD gross removals -40443.81 -53162.97 -24881.78
3   FD net emissions 159407.59 126380.18 199696.23

$fd_lg_area
 [1] 3494 2439 3193 1111 1469  833  688 1048 1250 1688 1351

$fd_lg_aane
[1] 159407.6

$v_fd_lg_aae
 [1] 208919.3 211283.8 183762.4 168772.2 219202.0 188240.5 202930.7 196262.5 222736.2 235638.1 174959.8 199147.3 184952.2 172356.6 193188.4 222955.0 205801.9 204068.4 202481.0 183003.9 193901.2 210845.6 222826.1 173247.9 176248.2 195226.2 185244.3 235691.2 203200.2 193119.0 166695.2 208410.2 196104.5 186232.6 214048.2
[36] 234043.2 217647.2 195524.7 238125.0 232195.9 189421.7 240491.3 191702.7 207709.8 181063.9 202416.3 182279.1 204315.7 173030.0 179323.9
 [ reached getOption("max.print") -- omitted 50 entries ]

$v_fd_lg_aar
 [1] 26856.34 40924.35 38450.41 24883.39 27379.06 33415.56 43949.48 29811.59 28690.04 33691.32 44721.66 34124.15 37316.23 45850.41 49857.58 38616.03 24095.35 41191.51 41406.96 34968.28 42700.41 51943.81 47669.97 49262.49 35241.52 53158.35 48149.70 36113.46 26024.62 41599.14 24851.26 39098.36 47962.82 40763.29 31163.84
[36] 56188.49 37011.45 40225.43 39607.39 35528.87 27100.59 54567.62 53107.66 37976.21 37812.08 25265.62 25784.43 32043.65 23562.78 39658.69
 [ reached getOption("max.print") -- omitted 50 entries ]

$v_fd_lg_aane
 [1] 182062.9 170359.5 145312.0 143888.8 191822.9 154824.9 158981.2 166450.9 194046.1 201946.8 130238.2 165023.1 147636.0 126506.2 143330.8 184338.9 181706.5 162876.8 161074.1 148035.7 151200.7 158901.7 175156.1 123985.4 141006.7 142067.8 137094.6 199577.8 177175.6 151519.8 141844.0 169311.8 148141.7 145469.3 182884.3
[36] 177854.7 180635.7 155299.3 198517.6 196667.1 162321.1 185923.6 138595.0 169733.6 143251.8 177150.6 156494.7 172272.1 149467.2 139665.2
 [ reached getOption("max.print") -- omitted 50 entries ]

$rs_ec_lnf_cstock
                           2019      2020      2021      2022      2023      2024
removals_tco2e_yr.1   -3063.060  -6126.12  -6126.12  -6126.12  -6126.12  -6126.12
removals_tco2e_yr.2       0.000  -3063.06  -6126.12  -6126.12  -6126.12  -6126.12
removals_tco2e_yr.3       0.000      0.00  -3063.06  -6126.12  -6126.12  -6126.12
removals_tco2e_yr.4       0.000      0.00      0.00  -3063.06  -6126.12  -6126.12
removals_tco2e_yr.5       0.000      0.00      0.00      0.00  -3063.06  -6126.12
removals_tco2e_yr.6       0.000      0.00      0.00      0.00      0.00  -3063.06
removals_tco2e_yr.7   -3063.060  -9189.18 -15315.30 -21441.42 -27567.54 -33693.66
lci_removals_tco2e_yr -4383.167 -13149.50 -21915.84 -30682.17 -39448.50 -48214.84
 [ reached 'max' / getOption("max.print") -- omitted 2 rows ]

$v_ec_lnf_cstock
            2019       2020       2021      2022      2023      2024
  [1,] -2056.886  -6170.659 -10284.432 -14398.20 -18511.98 -22625.75
  [2,] -3890.462 -11671.387 -19452.312 -27233.24 -35014.16 -42795.09
  [3,] -2130.689  -6392.066 -10653.443 -14914.82 -19176.20 -23437.58
  [4,] -1606.625  -4819.876  -8033.126 -11246.38 -14459.63 -17672.88
  [5,] -3394.676 -10184.028 -16973.380 -23762.73 -30552.08 -37341.44
  [6,] -2537.762  -7613.287 -12688.812 -17764.34 -22839.86 -27915.39
  [7,] -2895.570  -8686.711 -14477.851 -20268.99 -26060.13 -31851.27
  [8,] -2840.427  -8521.280 -14202.133 -19882.99 -25563.84 -31244.69
 [ reached getOption("max.print") -- omitted 92 rows ]

$rs_fd_nf
  aa_em_tco2e_yr lci_aa_em_tco2e_yr uci_aa_em_tco2e_yr
1         149935           51444.26           321838.4

$fd_nf_aae
[1] 149935

$v_fd_nf_aae
 [1] 127223.09 124185.96 188808.52 170838.64 388196.94 262017.25  75579.24  85378.00 143287.92  88128.09  90528.33  73967.57 112611.21 102670.95  86442.84 123345.60 334381.86 171370.90  38804.87 125767.09 144060.25  57490.51 180568.95 216874.25  53915.53 215182.42 422646.29  99083.97  99480.58 330707.38 321371.60
[32] 208597.49 268046.97 284475.55 181247.92 149590.74  96614.96 247424.26 250290.70 208129.91  84365.98 128420.10  58652.75 165143.70 109950.50 293910.79 206677.24 299077.33 130084.27  32912.14
 [ reached getOption("max.print") -- omitted 50 entries ]

$rs_fd_bb
  aa_em_tco2e_yr lci_aa_em_tco2e_yr uci_aa_em_tco2e_yr
1       164602.6           137174.4           190342.4

$fd_bb_aae
[1] 164602.6

$v_fd_bb_aae
 [1] 150003.9 166763.6 165218.0 153191.9 173447.8 176733.9 163176.2 148283.5 167277.3 181241.1 117366.7 188619.2 165761.4 186990.5 163442.4 135158.3 148795.5 169041.6 163116.8 154067.1 161454.3 150736.5 156204.3 139594.6 179940.4 153138.8 162766.8 146905.8 163761.4 149502.0 195049.5 170942.7 162677.0 178654.5 147741.2
[36] 147982.0 188685.8 153883.3 151701.1 155301.4 140723.0 157003.1 185268.4 177335.4 189611.0 162588.0 160377.1 173521.8 148473.7 168170.3
 [ reached getOption("max.print") -- omitted 50 entries ]

$rs_fd_fu
  aa_em_tco2e_yr lci_aa_em_tco2e_yr uci_aa_em_tco2e_yr
1       83171.56           59506.28           107842.4

$fd_fu_aae
[1] 83171.56

$v_fd_fu_aae
 [1] 116817.85  84657.26  78956.78  81941.05 109242.62  82241.21 112804.46 101064.25  78941.79  57491.60  92251.34  71628.06  76821.72  67633.46  96316.45  80276.90  91767.63  81353.77  90184.71  96726.12  98509.13  60696.48  67044.26  86793.97  83301.33  78352.53  50594.64  81972.15 113466.57  62231.44  76997.96
[32]  83345.98  54631.38 100745.57  67383.45  94770.69  93169.53  59516.91  96351.77  89125.84  75833.73  96173.16  64637.83  77254.28 101815.26  62518.58  73722.75  69551.48  89319.99  71004.08
 [ reached getOption("max.print") -- omitted 50 entries ]

$rs_ec_ar
  aa_removals_tco2e_yr lci_aa_removals_tco2e_yr uci_aa_removals_tco2e_yr
1              -152931                -271856.6                 -69828.7

$v_ec_ar_aar
 [1] 158746.50 193108.46 146211.93 116484.74 179388.66 171520.61  69243.23  85369.53  94820.75  81745.69 101248.33 118952.35  99886.14  97513.25  85217.01  87178.70 199295.05 129585.65 193380.67 106793.30 217141.41  86618.74  86546.68 166881.62 154014.46 281694.62 134741.27  74140.32 228609.33 271338.81 126835.40
[32] 147026.98 219101.77 357711.48 213097.09  76664.74 233468.39 196403.43  96753.65 124229.17 136724.09  90421.41  78083.98 200706.83  76587.48 110525.49 181147.24 154192.24 182628.32  70680.64
 [ reached getOption("max.print") -- omitted 50 entries ]

$ar_aa_area
[1] 2882.669

$rs_ec_ar_cstock
                            2019      2020      2021      2022       2023       2024
removals_tco2e_yr.14  -13902.822 -27805.64 -27805.64 -27805.64  -27805.64  -27805.64
removals_tco2e_yr.15       0.000 -13902.82 -27805.64 -27805.64  -27805.64  -27805.64
removals_tco2e_yr.16       0.000      0.00 -13902.82 -27805.64  -27805.64  -27805.64
removals_tco2e_yr.17       0.000      0.00      0.00 -13902.82  -27805.64  -27805.64
removals_tco2e_yr.18       0.000      0.00      0.00      0.00  -13902.82  -27805.64
removals_tco2e_yr.19       0.000      0.00      0.00      0.00       0.00  -13902.82
removals_tco2e_yr.7   -13902.822 -41708.47 -69514.11 -97319.76 -125125.40 -152931.04
lci_removals_tco2e_yr  -5652.298 -19064.35 -32990.72 -46154.58  -61497.43  -69368.82
 [ reached 'max' / getOption("max.print") -- omitted 2 rows ]

$v_ec_ar_cstock
            2019     2020      2021      2022      2023      2024
  [1,] 14476.226 38148.33  68859.42 114393.27 125906.35 175662.49
  [2,] 13198.572 30098.48  70594.38  78369.63  99741.18 148405.63
  [3,] 15466.151 68982.68  98799.33 144575.34 172514.40 216800.28
  [4,]  9614.783 20329.99  50926.99  54176.74  87415.39  99622.53
  [5,] 12277.096 50609.71  70921.99 100278.70 135582.35 144713.35
  [6,] 12406.427 35056.32  83763.35 111627.52 143821.60 164552.96
  [7,]  5536.042 17962.69  28547.57  44973.64  61519.03  68040.41
  [8,] 11397.766 27992.12  46067.81  64825.93  82450.58 103656.89
 [ reached getOption("max.print") -- omitted 92 rows ]

$hw_h_area
 [1] 212.4 278.0 736.3 164.6 432.3 132.0 110.0 310.0 394.0 375.0 172.0

$hw_p_area
 [1]  305.03  305.03  305.03  305.03  305.03  228.00 1000.00    0.00    0.00    0.00  300.00

$ec_hw_aae
[1] 157222.9

$ec_hw_aar
[1] 865684.6

$ec_hw_aane
[1] -708461.7

$lci_ec_hw_aar
      5% 
630305.1 

$uci_ec_hw_aar
    95% 
1051892 

$lci_ec_hw_aae
    5% 
128508 

$uci_ec_hw_aae
   95% 
184765 

$v_ec_hw_aar
 [1]  775376.4  742819.3  632466.0  864414.6  880991.0  656766.2  758488.3  919252.0 1017347.8 1017031.2  856063.2  788744.5  740319.4  771840.9  863378.0  814154.5  901156.4  688202.7  645180.1  788368.5  695485.7  987588.3 1035366.8 1077927.9  925602.5  947903.9  774896.7  938660.9  919821.7  770500.4  689151.9
[32]  980576.6  835406.2 1002153.5 1001611.5  934858.0  811984.6 1037143.5  908216.6  827478.4  889007.6  767601.0  787453.1  881996.2  904903.8  965800.7  813754.6  792499.1 1051361.1 1117559.0
 [ reached getOption("max.print") -- omitted 50 entries ]

$v_ec_hw_aae
 [1] 158287.8 158656.2 137535.9 174030.5 134750.4 146720.0 153840.0 144828.2 147937.1 163361.1 146112.4 151631.7 180353.7 132508.1 162931.9 138853.4 187621.6 161154.6 151864.9 166466.3 151569.1 154851.6 195181.7 171432.9 173468.0 179023.4 124318.2 161988.6 135216.8 155788.7 173413.8 125105.9 139296.0 173044.3 156221.8
[36] 158999.6 174026.5 120299.4 135830.5 184631.7 187298.0 142193.6 156851.7 133936.3 129765.4 152171.4 128334.7 154141.1 150111.8 138326.4
 [ reached getOption("max.print") -- omitted 50 entries ]

$v_ec_hw_aane
 [1] -617088.5 -584163.1 -494930.1 -690384.2 -746240.6 -510046.2 -604648.3 -774423.9 -869410.8 -853670.1 -709950.8 -637112.7 -559965.7 -639332.8 -700446.2 -675301.1 -713534.8 -527048.1 -493315.2 -621902.2 -543916.5 -832736.7 -840185.1 -906495.0 -752134.5 -768880.5 -650578.4 -776672.3 -784605.0 -614711.7 -515738.1
[32] -855470.7 -696110.2 -829109.2 -845389.7 -775858.5 -637958.1 -916844.1 -772386.1 -642846.7 -701709.6 -625407.4 -630601.4 -748059.9 -775138.4 -813629.3 -685419.9 -638358.0 -901249.3 -979232.6
 [ reached getOption("max.print") -- omitted 50 entries ]

$lciv_ec_hw_aane
       5% 
-907012.4 

$uciv_ec_hw_aane
      95% 
-467625.9 

$rs_ec_hw_cstock
                           2019      2020       2021       2022       2023       2024
removals_tco2e_yr.14  -2110.369 -4220.739  -4220.739  -4220.739  -4220.739  -4220.739
removals_tco2e_yr.15      0.000 -2110.369  -4220.739  -4220.739  -4220.739  -4220.739
removals_tco2e_yr.16      0.000     0.000  -2110.369  -4220.739  -4220.739  -4220.739
removals_tco2e_yr.17      0.000     0.000      0.000  -2110.369  -4220.739  -4220.739
removals_tco2e_yr.18      0.000     0.000      0.000      0.000  -2110.369  -4220.739
removals_tco2e_yr.19      0.000     0.000      0.000      0.000      0.000  -2110.369
removals_tco2e_yr.7   -2110.369 -6331.108 -10551.847 -14772.586 -18993.325 -23214.064
lci_removals_tco2e_yr -1676.576 -5029.727  -8382.879 -11736.030 -15089.181 -18442.333
 [ reached 'max' / getOption("max.print") -- omitted 2 rows ]

$v_ec_hw_cstock
            2019      2020       2021       2022      2023      2024
  [1,] -2183.822 -6551.467 -10919.111 -15286.755 -19654.40 -24022.04
  [2,] -1698.367 -5095.100  -8491.833 -11888.566 -15285.30 -18682.03
  [3,] -2023.223 -6069.668 -10116.114 -14162.559 -18209.00 -22255.45
  [4,] -1967.371 -5902.112  -9836.853 -13771.594 -17706.34 -21641.08
  [5,] -2250.764 -6752.293 -11253.821 -15755.349 -20256.88 -24758.41
  [6,] -2424.912 -7274.736 -12124.560 -16974.385 -21824.21 -26674.03
  [7,] -2178.736 -6536.207 -10893.678 -15251.149 -19608.62 -23966.09
  [8,] -1928.554 -5785.661  -9642.768 -13499.876 -17356.98 -21214.09
 [ reached getOption("max.print") -- omitted 92 rows ]

$sw_p_area
 [1] 1478    3   14   17  177  273  871   13  202 1032    0

$ec_sw_aae
[1] 461856.7

$ec_sw_aar
[1] 6397.811

$lci_ec_sw_aae
      5% 
379793.9 

$uci_ec_sw_aae
     95% 
555737.2 

$lci_ec_sw_aar
     5% 
5280.31 

$uci_ec_sw_aar
     95% 
7519.139 

$v_ec_sw_aae
 [1] 582800.6 415820.0 571454.7 509484.4 466255.6 489824.1 539579.2 625602.2 495809.9 473521.1 466786.4 563428.3 428643.4 409771.4 474975.4 533576.2 358446.5 499463.8 471153.0 491097.5 461389.1 549181.9 501542.4 433251.7 424152.2 510476.8 430442.6 429511.9 580865.6 446924.5 458825.3 543350.3 494621.5 384788.9 470329.4
[36] 469458.2 529954.0 550432.2 382514.9 495856.9 421313.8 376764.2 491087.9 405774.0 489979.7 378565.7 449376.6 471949.1 433075.3 483490.1
 [ reached getOption("max.print") -- omitted 50 entries ]

$v_ec_sw_aar
 [1] 6325.147 6748.345 5370.914 6852.035 5737.230 7411.077 5765.335 6421.219 6488.833 5887.504 6290.493 6038.632 5961.412 7671.710 6132.036 6502.706 6310.770 6489.076 6267.114 6194.887 6966.080 7031.250 5249.642 6752.377 6820.295 6833.387 7929.634 6196.672 7335.739 6925.366 6099.062 6878.645 5499.966 5588.515 6447.628
[36] 4847.053 5934.167 6229.606 6016.005 5410.769 6185.257 5969.169 6051.114 6467.594 6340.069 5863.230 6556.796 6413.196 5913.966 6986.389
 [ reached getOption("max.print") -- omitted 50 entries ]

$lciv_ec_sw_aane
      5% 
373666.9 

$uciv_ec_sw_aane
   95% 
549940 

$rs_ec_sw_cstock
                            2019       2020       2021       2022        2023        2024
removals_tco2e_yr.14   -3198.905  -6397.811  -6397.811  -6397.811   -6397.811   -6397.811
removals_tco2e_yr.15       0.000  -3198.905  -6397.811  -6397.811   -6397.811   -6397.811
removals_tco2e_yr.16       0.000      0.000  -3198.905  -6397.811   -6397.811   -6397.811
removals_tco2e_yr.17       0.000      0.000      0.000  -3198.905   -6397.811   -6397.811
removals_tco2e_yr.18       0.000      0.000      0.000      0.000   -3198.905   -6397.811
removals_tco2e_yr.19       0.000      0.000      0.000      0.000       0.000   -3198.905
removals_tco2e_yr.7    -3198.905  -9596.716 -15994.527 -22392.338  -28790.149  -35187.960
lci_removals_tco2e_yr -11961.172 -35883.516 -59805.860 -83728.205 -107650.549 -131572.893
 [ reached 'max' / getOption("max.print") -- omitted 2 rows ]

$v_ec_sw_cstock
            2019      2020      2021      2022      2023      2024
  [1,] -13316.44 -39949.33 -66582.21 -93215.09 -119848.0 -146480.9
  [2,] -12425.81 -37277.42 -62129.04 -86980.66 -111832.3 -136683.9
  [3,] -13148.45 -39445.34 -65742.24 -92039.13 -118336.0 -144632.9
  [4,] -12684.28 -38052.84 -63421.41 -88789.97 -114158.5 -139527.1
  [5,] -12935.53 -38806.59 -64677.65 -90548.70 -116419.8 -142290.8
  [6,] -12559.93 -37679.79 -62799.65 -87919.51 -113039.4 -138159.2
  [7,] -13986.31 -41958.93 -69931.56 -97904.18 -125876.8 -153849.4
  [8,] -12311.42 -36934.26 -61557.10 -86179.94 -110802.8 -135425.6
 [ reached getOption("max.print") -- omitted 92 rows ]

$rs_ec_pl
          plantations aa_em_tco2e_yr lci_aa_em_tco2e_yr uci_aa_em_tco2e_yr
2    Gross em. Hardw.     157222.881         128507.970         184765.000
1    Gross em. Softw.     461856.700         379793.901         555737.176
3    Gross em. Plant.     619079.581         533575.660         716132.927
21  Gross rem. Hardw.    -865684.572       -1051891.941        -630305.124
11  Gross rem. Softw.      -6397.811          -7519.139          -5280.310
31  Gross rem. Plant.    -872082.383       -1057832.333        -637059.051
22     Net em. Hardw.    -708461.691        -907012.422        -467625.855
12     Net em. Softw.     455458.889         373666.912         549940.008
32     Net em. Plant.    -253002.802        -480540.475          -9154.331

