[1] "Running Accuracy Assessment and generating adjusted areas...."
[1] "Wed Sep 29 01:59:48 2021"
'data.frame':	7 obs. of  2 variables:
 $ class_code    : int  111 112 171 172 711 712 777
 $ area_mapped_ha: int  734190 96091 89103 4699 39020 1335 467372
NULL
  class_code area_mapped_ha
1        111         734190
2        112          96091
3        171          89103
4        172           4699
5        711          39020
6        712           1335
7        777         467372
'data.frame':	1860 obs. of  2 variables:
 $ predicted: int  111 111 111 111 111 111 111 111 111 111 ...
 $ observed : int  777 777 777 777 777 777 777 777 111 111 ...
NULL
    predicted observed
299       111      777
300       111      777
301       111      777
302       111      777
303       111      777
304       111      777

111 112 171 172 711 712 777 
235 241 210 244 238 230 462 
         observed
predicted 111 112 171 172 711 712 777
      111 206   0  14   0   7   0   8
      112 134  95   5   2   3   0   2
      171  66   0 120   0   6   0  18
      172  48  27  85  49   5   2  28
      711  74   0   7   0 136   0  21
      712  54  32   7   2  74  43  18
      777  25   7  24   1  11   2 392
         observed
predicted     111     112     171     172     711     712     777
      111 0.44949 0.00000 0.03055 0.00000 0.01527 0.00000 0.01746
      112 0.03732 0.02645 0.00139 0.00056 0.00084 0.00000 0.00056
      171 0.01956 0.00000 0.03556 0.00000 0.00178 0.00000 0.00533
      172 0.00065 0.00036 0.00114 0.00066 0.00007 0.00003 0.00038
      711 0.00847 0.00000 0.00080 0.00000 0.01557 0.00000 0.00240
      712 0.00022 0.00013 0.00003 0.00001 0.00030 0.00017 0.00007
      777 0.01766 0.00495 0.01696 0.00071 0.00777 0.00141 0.27696
  class_code class_desc area_mapped_ha area_est_ha aaboot_mean lci_area_ha uci_area_ha
1        111  Stable LF         734190  763680.610  763633.349 734536.2964  791662.182
2        112  Stable UF          96091   45665.299   45700.909  39135.9696   52718.990
3        171 DF Lowland          89103  123752.857  123557.410 103360.0821  145203.602
4        172  DF Upland           4699    2764.324    2763.921   1109.4260    4922.387
5        711 AR Lowland          39020   59562.303   59663.565  45774.3763   75471.699
6        712  AR Upland           1335    2311.359    2299.829    270.6903    5284.600
7        777  Stable NF         467372  434073.247  434191.017 415360.4084  454498.429
  class_code class_desc area_mapped_ha area_est_ha aaboot_mean lci_area_ha uci_area_ha
1        171 DF Lowland         8910.3  12375.2857  12355.7410 10336.00821  14520.3602
2        172  DF Upland          469.9    276.4324    276.3921   110.94260    492.2387
3        711 AR Lowland         3902.0   5956.2303   5966.3565  4577.43763   7547.1699
4        712  AR Upland          133.5    231.1359    229.9829    27.06903    528.4600
5        777  Stable NF        46737.2  43407.3247  43419.1017 41536.04084  45449.8429
  class_desc area_est_ha aaboot_mean lci_area_ha uci_area_ha
1 DF Lowland  12375.2857  12355.7410  10336.0082  14520.3602
2  DF Upland    276.4324    276.3921    110.9426    492.2387
3      Total  12651.7181  12632.1331  10608.6510  14799.5411
   class_desc area_est_ha aaboot_mean lci_area_ha uci_area_ha
3  AR Lowland   5956.2303   5966.3565  4577.43763    7547.170
4   AR Upland    231.1359    229.9829    27.06903     528.460
31      Total   6187.3662   6196.3394  4790.83189    7804.434
[1] "Wed Sep 29 02:00:44 2021"
[1] "Execution time: "
Time difference of 55.46566 secs
$errorMatrix
         observed
predicted 111 112 171 172 711 712 777
      111 206   0  14   0   7   0   8
      112 134  95   5   2   3   0   2
      171  66   0 120   0   6   0  18
      172  48  27  85  49   5   2  28
      711  74   0   7   0 136   0  21
      712  54  32   7   2  74  43  18
      777  25   7  24   1  11   2 392

$errorProportions
         observed
predicted          111          112          171          172          711          712          777
      111 4.494925e-01 0.000000e+00 3.054803e-02 0.000000e+00 1.527402e-02 0.000000e+00 1.745602e-02
      112 3.731514e-02 2.645476e-02 1.392356e-03 5.569424e-04 8.354136e-04 0.000000e+00 5.569424e-04
      171 1.955832e-02 0.000000e+00 3.556058e-02 0.000000e+00 1.778029e-03 0.000000e+00 5.334088e-03
      172 6.456118e-04 3.631566e-04 1.143271e-03 6.590621e-04 6.725123e-05 2.690049e-05 3.766069e-04
      711 8.473379e-03 0.000000e+00 8.015359e-04 0.000000e+00 1.557270e-02 0.000000e+00 2.404608e-03
      712 2.189081e-04 1.297233e-04 2.837697e-05 8.107707e-06 2.999852e-04 1.743157e-04 7.296936e-05
      777 1.766344e-02 4.945764e-03 1.695690e-02 7.065377e-04 7.771914e-03 1.413075e-03 2.769628e-01

$rs_AA
  class_code class_desc area_mapped_ha area_est_ha aaboot_mean lci_area_ha uci_area_ha
1        111  Stable LF         734190  763680.610  763633.349 734536.2964  791662.182
2        112  Stable UF          96091   45665.299   45700.909  39135.9696   52718.990
3        171 DF Lowland          89103  123752.857  123557.410 103360.0821  145203.602
4        172  DF Upland           4699    2764.324    2763.921   1109.4260    4922.387
5        711 AR Lowland          39020   59562.303   59663.565  45774.3763   75471.699
6        712  AR Upland           1335    2311.359    2299.829    270.6903    5284.600
7        777  Stable NF         467372  434073.247  434191.017 415360.4084  454498.429

$rs_AA_annual_df
  class_desc area_est_ha aaboot_mean lci_area_ha uci_area_ha
1 DF Lowland  12375.2857  12355.7410  10336.0082  14520.3602
2  DF Upland    276.4324    276.3921    110.9426    492.2387
3      Total  12651.7181  12632.1331  10608.6510  14799.5411

$rs_AA_annual_ar
   class_desc area_est_ha aaboot_mean lci_area_ha uci_area_ha
3  AR Lowland   5956.2303   5966.3565  4577.43763    7547.170
4   AR Upland    231.1359    229.9829    27.06903     528.460
31      Total   6187.3662   6196.3394  4790.83189    7804.434

$areaLoss
[1] 12375.2857   276.4324

$MCaadeforL
 [1] 12617.61 14556.53 12072.07 11942.69 13194.11 13578.10 11670.11 12807.82 13014.45 10211.01 11010.69 12348.80 12622.03 10188.25 12663.43 14838.83 10272.49 11268.20 10608.32 11874.37 11774.12 15661.92 12803.09 11863.47
[25] 14903.95 14448.68 12523.57 12896.37 11851.16 12675.84 13268.37 12136.33 12994.81 11999.33 11463.53 14850.50 13001.48 13630.60 11731.85 13041.95 12072.88 11399.78 13449.71 15054.26 13027.39 13817.51 12447.74 13168.96
[49] 11777.21 14029.46
 [ reached getOption("max.print") -- omitted 9950 entries ]

$MCaadeforU
 [1] 350.9789 489.7324 383.3726 347.1679 318.9949 343.2756 213.4407 183.7378 300.1226 240.4122 181.8627 154.6560 348.5133 430.1421 454.8325 305.3197 202.8215 195.1082 309.3658 373.1631 264.8775 225.0057 224.4252 283.5552
[25] 458.6841 460.2647 313.6034 355.6462 298.1562 247.5351 181.6275 328.6240 326.1684 280.5192 533.8111 161.0239 270.6549 217.3024 233.8698 281.4449 141.7557 213.2156 404.5566 541.9341 233.2894 408.2337 246.1897 369.3114
[49] 308.2456 222.2642
 [ reached getOption("max.print") -- omitted 9950 entries ]

$ARareas
[1] 6187.366

$MCaaaforMean
[1] 6196.339

$MCaaafor
        711       712
1  5791.741 334.62039
2  5331.162  32.10843
3  5620.112 234.24945
4  6532.207 123.21929
5  4912.758 143.29622
6  5663.628 324.38396
7  6077.250 123.79973
8  4953.361 230.18641
9  5052.480 437.12854
10 6171.674 125.54103
11 5628.408 223.22119
12 7848.725 228.62962
13 4454.572  28.81033
14 4862.422 331.92962
15 7085.164 127.86277
16 6703.391 124.38016
17 4753.096 133.64023
18 5441.967 127.07093
19 6227.732 633.28070
20 6437.617 334.01306
21 5246.428 534.62419
22 5624.889  33.05789
23 7151.979 433.27690
24 4366.507 231.90083
25 5504.665 127.43996
 [ reached 'max' / getOption("max.print") -- omitted 9975 rows ]

