              source      est      lci      uci
1     FD_Logging_net 152954.5 116863.9 188489.5
2 FD_Biomass_burning 157487.9  98770.2 219160.8
3           FD_total 310442.4 241686.8 381776.6
  sourceSink gross_emissions gross_removals net_emissions
1         DF           27.55           0.00         23.46
2        FDL           13.71           2.78          9.15
3        FDF           11.06           0.00          9.42
4       FUEL            5.83           0.00          4.97
5       ECAR            0.00           5.31          4.85
6       ECHS           41.85          91.91         48.16
  aa_emissions_tco2e_yr lci_aa_emissions_tco2e_yr uci_aa_emissions_tco2e_yr
1             392396.18                 272029.02                  499308.7
2             195316.10                 162062.70                  228393.7
3             157487.87                  98770.20                  219160.8
4              83096.02                  58724.16                  108540.1
5                  0.00                      0.00                       0.0
6             596194.92                 515290.97                  701113.3
7            1424491.09                1260542.68                 1588887.3
  aa_removals_tco2e_yr lci_aa_removals_tco2e_yr uci_aa_removals_tco2e_yr
1                 0.00                     0.00                     0.00
2            -42361.61                -57150.46                -27790.04
3                 0.00                     0.00                     0.00
4                 0.00                     0.00                     0.00
5            -81042.18               -119121.89                -48601.23
6          -1401553.70              -1780948.84              -1066636.53
7          -1524957.50              -1188250.27              -1910143.53
  aa_net_emissions_tco2e_yr lci_aa_net_emissions_tco2e_yr
1                 392396.18                     272029.02
2                 152954.49                     116863.93
3                 157487.87                      98770.20
4                  83096.02                      58724.16
5                 -81042.18                    -119121.89
6                -805358.79                   -1187864.84
7                -100466.41                    -526875.26
  lci_aa_net_emissions_tco2e_yr.1
1                       499308.66
2                       188489.45
3                       219160.82
4                       108540.05
5                       -48601.23
6                      -444504.44
7                       272286.49
  sourceSink gross_emissions gross_removals net_emissions
1         DF           29.25           0.00         24.69
2        FDL           14.56           2.78          9.62
3        FDF           11.74           0.00          9.91
4       ECAR            0.00           5.31          5.10
5       ECHS           44.45          91.91         50.68
   aa_emissions_tco2e_yr lci_aa_emissions_tco2e_yr uci_aa_emissions_tco2e_yr
1               392396.2                  272029.0                  499308.7
2               195316.1                  162062.7                  228393.7
3               157487.9                   98770.2                  219160.8
5                    0.0                       0.0                       0.0
6               596194.9                  515291.0                  701113.3
61             1341395.1                 1179817.5                 1504502.3
   aa_removals_tco2e_yr lci_aa_removals_tco2e_yr uci_aa_removals_tco2e_yr
1                  0.00                     0.00                     0.00
2             -42361.61                -57150.46                -27790.04
3                  0.00                     0.00                     0.00
5             -81042.18               -119121.89                -48601.23
6           -1401553.70              -1780948.84              -1066636.53
61          -1524957.50              -1188250.27              -1910143.53
   aa_net_emissions_tco2e_yr lci_aa_net_emissions_tco2e_yr
1                  392396.18                      272029.0
2                  152954.49                      116863.9
3                  157487.87                       98770.2
5                  -81042.18                     -119121.9
6                 -805358.79                    -1187864.8
61                -183562.43                     -606227.0
   lci_aa_net_emissions_tco2e_yr.1
1                        499308.66
2                        188489.45
3                        219160.82
5                        -48601.23
6                       -444504.44
61                       186033.83
$rs_fd
              source      est      lci      uci
1     FD_Logging_net 152954.5 116863.9 188489.5
2 FD_Biomass_burning 157487.9  98770.2 219160.8
3           FD_total 310442.4 241686.8 381776.6

$frltab
    source_sink estimate_tco2e_yr lci_tco2e_yr uci_tco2e_yr
1         aaeDF         392396.18    272029.02    499308.66
2       aaeFD_L         195316.10    162062.70    228393.71
3     aaeFD_BSW         157487.87     98770.20    219160.82
4      aaeEC_HS         596194.92    515290.97    701113.27
5  aae_Combined        1341395.07   1179817.49   1504502.27
6       aarFD_L         -42361.61    -57150.46    -27790.04
7      aarEC_AR         -81042.18   -119121.89    -48601.23
8      aarEC_HS       -1401553.70  -1780948.84  -1066636.53
9  aar_Combined       -1524957.50  -1188250.27  -1910143.53
10       aaneDF         392396.18    272029.02    499308.66
11       aaneFD         310442.36    241686.83    381776.61
12       aaneEC        -886400.97  -1272497.68   -528931.73
13          FRL        -183562.43   -606226.99    186033.83

$v_aaneec
  [1]  -711564.7  -742604.2  -794536.2  -789932.8  -899824.8  -739666.3
  [7]  -783818.1  -886920.0 -1129622.3  -541478.9 -1129812.2  -687307.9
 [13] -1047198.0  -461588.4  -713159.3  -962607.1  -900539.5  -750460.7
 [19]  -852574.4 -1129525.6  -967819.6  -983488.8  -374913.1 -1083966.7
 [25]  -562628.0  -926370.0  -834075.9  -660069.0 -1148898.5  -760478.2
 [31]  -829429.7  -818783.7 -1081364.1 -1478969.7 -1113110.1 -1049983.3
 [37] -1059242.6  -882564.4  -555943.1  -954178.0  -433536.5  -868185.7
 [43]  -971200.5  -828733.6  -925543.9  -878158.8  -291723.8  -950578.0
 [49] -1283453.4 -1045546.7  -529446.5 -1168388.8  -522406.6  -879247.2
 [55]  -736065.3  -888865.0  -791412.6  -907444.1  -804092.3  -655252.1
 [61] -1123831.8 -1173852.8  -733497.9 -1219368.2  -678238.7  -959047.5
 [67] -1120627.4  -955348.6 -1378265.5 -1232258.7 -1377789.8  -536223.7
 [73]  -912685.4  -806369.4  -901653.1  -761639.2  -787884.9  -955025.5
 [79] -1311442.1  -941618.5 -1077916.6  -653396.9  -809090.6  -883309.1
 [85]  -884418.8 -1081089.4 -1137280.5  -804823.8  -965743.0 -1247698.8
 [91]  -988811.7  -969521.1 -1291534.3 -1011385.4  -721751.2 -1296675.9
 [97]  -872698.1  -612190.1  -823146.9  -913837.7 -1316024.8  -525317.1
[103]  -973393.2 -1021565.8  -604499.0 -1318333.6  -812111.3 -1249248.1
[109]  -647588.8  -842674.4  -968058.8  -953328.5  -704314.8  -808065.4
[115] -1353044.1  -835883.9  -888127.0 -1010022.0 -1046606.7  -882450.9
[121]  -563479.1  -744776.9 -1054858.3 -1087902.7 -1397630.5 -1046639.2
[127]  -837435.2  -847070.0 -1231327.1  -979555.1  -610917.0  -836127.1
[133]  -901772.5  -479322.4  -884408.2  -965238.3  -966392.0  -876751.2
[139]  -555847.6 -1230047.6 -1141723.3  -724100.5  -696006.7  -568147.0
[145] -1377526.8  -720248.2  -960783.3 -1089411.3  -900911.0  -862611.9
 [ reached getOption("max.print") -- omitted 9850 entries ]

$v_aaefd
  [1] 420285.4 400376.4 437804.8 349962.0 438065.2 412095.4 409791.6 401157.8
  [9] 445315.2 485832.0 373991.5 423353.5 365306.0 391816.6 463116.0 454633.7
 [17] 421694.9 441602.7 458289.4 472142.8 402447.1 466523.8 470350.5 445071.6
 [25] 430609.7 424932.2 391575.4 465520.8 384950.6 413798.2 367094.7 434998.7
 [33] 395218.3 439378.7 479637.1 463596.4 438809.1 497629.3 502472.0 498220.4
 [41] 464558.2 500979.7 473290.1 447836.1 462484.3 520332.5 400635.4 465662.9
 [49] 383177.4 445436.7 428809.5 407890.0 386330.5 364434.3 384709.5 419417.2
 [57] 433931.8 415354.1 514150.4 462650.4 343236.9 435796.1 443080.1 395927.3
 [65] 415651.6 394317.0 453811.2 368889.0 418193.7 453273.3 461447.0 419700.8
 [73] 438369.2 409680.3 460964.0 475457.7 422772.1 434255.3 432713.3 480062.7
 [81] 430358.5 451504.5 396354.3 429953.1 435485.8 567468.2 425677.0 458277.8
 [89] 389545.9 405431.0 406440.0 395320.3 435440.7 395085.7 445347.7 467488.4
 [97] 474943.7 379048.5 434352.3 424534.3 343941.7 472781.3 456162.9 521357.8
[105] 466782.9 403385.7 450635.9 417658.2 394052.4 431860.2 441670.9 459925.1
[113] 351375.9 418962.4 425897.0 450427.0 494084.9 529944.1 453498.4 464733.7
[121] 394925.3 429549.1 371715.4 466629.4 383512.2 477877.4 391919.1 439848.5
[129] 472766.5 415268.6 423429.2 420075.9 354524.0 337849.3 434959.8 488439.7
[137] 444013.5 428403.9 420079.4 522048.1 406707.1 415935.3 411575.5 379946.1
[145] 380583.7 412050.1 434909.5 425311.7 379637.7 411481.8
 [ reached getOption("max.print") -- omitted 9850 entries ]

$v_aarfd
  [1] 49070.29 59931.70 57393.62 53693.90 36507.45 29935.45 28474.01 41351.42
  [9] 30300.23 48339.39 53207.99 57409.20 26712.35 37043.96 41329.29 36800.07
 [17] 37603.61 50198.45 35841.00 38553.87 42261.23 38573.43 55435.25 39220.92
 [25] 54288.30 42678.74 35311.42 44149.34 36858.77 25077.42 30896.09 39348.95
 [33] 54684.49 43476.81 45404.95 49456.31 43906.72 41037.34 49085.75 45721.47
 [41] 52512.40 29119.07 36905.54 38210.31 37435.28 30513.94 44272.29 28027.76
 [49] 53779.96 30147.37 43224.52 33566.29 38298.83 44968.09 45091.37 58703.08
 [57] 33234.59 46128.16 53655.10 50351.22 38895.59 39445.22 39733.34 43745.96
 [65] 24489.78 44806.96 55110.19 40375.47 50711.07 41263.03 48028.01 30719.88
 [73] 51726.99 32402.54 52087.84 46467.10 37180.60 44246.33 43194.83 41252.39
 [81] 31377.23 31013.68 43548.59 43208.85 36644.25 46513.44 38038.42 59374.76
 [89] 43366.55 49313.75 23002.37 44065.11 34483.19 59414.78 42304.80 32761.48
 [97] 39006.30 42263.44 46579.71 46270.95 31898.03 59279.97 35406.58 39113.78
[105] 36663.04 50478.16 38990.56 43845.16 58778.55 33873.61 47642.32 29332.16
[113] 26700.12 36022.41 29775.05 49897.50 38524.97 44536.33 48270.94 40967.04
[121] 44851.99 60123.29 52803.01 56645.60 40396.30 43949.73 31501.27 43860.75
[129] 56904.20 44996.39 37258.30 45450.74 56275.26 50231.30 35694.62 38944.37
[137] 46431.89 31376.58 42497.11 27704.97 34750.83 41226.47 40976.73 53029.26
[145] 58321.22 34498.58 49907.85 48931.53 35608.46 40937.11
 [ reached getOption("max.print") -- omitted 9850 entries ]

$v_aanefd
  [1] 294221.7 264620.7 299716.3 219269.5 331464.5 327220.1 300616.1 283515.6
  [9] 349836.3 350275.6 241020.7 279715.4 240891.3 270906.2 333073.2 330841.3
 [17] 331170.7 307202.3 339548.2 354697.6 253860.3 342614.9 313432.4 318963.6
 [25] 307775.0 288294.5 293681.0 317503.8 292690.0 336644.3 273319.9 332425.4
 [33] 254412.8 302363.3 360705.9 335372.3 318455.6 336536.3 352080.7 355047.2
 [41] 314349.1 369075.6 346372.2 329008.8 309139.9 410108.5 290911.3 333317.1
 [49] 234618.1 348169.9 293168.4 301028.2 266741.2 232525.2 262806.9 289281.6
 [57] 320286.2 293594.4 375549.8 323843.8 235608.6 286217.0 341248.2 296034.9
 [65] 296681.3 272759.3 317595.4 251424.3 305134.7 338321.0 325914.3 307373.7
 [73] 298453.9 285647.9 337600.6 358075.8 272675.3 306062.6 323414.8 339837.7
 [81] 312013.4 333567.8 248003.3 318443.0 320718.8 425133.1 302367.5 317925.5
 [89] 276923.7 283905.3 265549.0 289318.3 306574.7 254352.3 335091.0 342240.3
 [97] 370064.3 256333.8 294718.1 301385.4 235648.1 310052.2 335647.1 381339.4
[105] 340246.1 257555.1 304782.6 272505.2 243175.5 316321.4 288601.6 360271.5
[113] 252022.4 319706.4 305093.3 315073.3 357146.3 379265.9 319555.4 309496.0
[121] 279142.0 306185.8 243119.3 309100.1 277652.8 339535.4 301348.7 316143.6
[129] 340463.1 291668.8 295972.5 310118.9 225158.8 217747.9 313939.1 391233.1
[137] 313021.1 333279.9 299554.3 381063.0 287246.0 281799.8 309212.5 275429.9
[145] 234764.9 300020.6 295497.6 300159.2 242811.7 285380.3
 [ reached getOption("max.print") -- omitted 9850 entries ]

$frl
$frl$aa_emissions_tco2e_yr
[1] 392396.2 195316.1 157487.9      0.0 596194.9

$frl$v_aa_emissions_tco2e_yr
  [1] 1282843 1277946 1421377 1277338 1361909 1314692 1278901 1401546 1245201
 [10] 1445698 1226212 1391368 1356585 1385409 1089680 1421117 1480568 1246542
 [19] 1419066 1298793 1228036 1254895 1229900 1311998 1469403 1224823 1338182
 [28] 1278301 1346193 1273402 1379550 1381073 1392667 1391966 1292973 1154031
 [37] 1366959 1247965 1425038 1555874 1339959 1397332 1393174 1309711 1346432
 [46] 1463483 1488157 1333252 1196252 1277836 1342198 1324520 1183279 1208791
 [55] 1218868 1358164 1301439 1255085 1417556 1362101 1116476 1315486 1276001
 [64] 1383107 1266735 1342070 1321394 1225774 1174864 1375819 1268770 1307921
 [73] 1379810 1294384 1460262 1331163 1251892 1421339 1334335 1585638 1315399
 [82] 1292275 1364610 1363743 1320201 1608857 1212938 1298280 1545510 1292599
 [91] 1232301 1419968 1272491 1256675 1238536 1428976 1248718 1197271 1320555
[100] 1466935 1240911 1405016 1315706 1509380 1363803 1239170 1245263 1198431
[109] 1218909 1310869 1381317 1444379 1541647 1332827 1360985 1455099 1370835
[118] 1329309 1297493 1222381 1382920 1286170 1261728 1382027 1383614 1306707
[127] 1366631 1341858 1274083 1371704 1335969 1295870 1140234 1205990 1227121
[136] 1416133 1324848 1263473 1563387 1380886 1229026 1216430 1413714 1417429
[145] 1217364 1327880 1321581 1319824 1198005 1321484
 [ reached getOption("max.print") -- omitted 9850 entries ]

$frl$aa_removals_tco2e_yr
[1]        0.00   -42361.61        0.00   -81042.18 -1401553.70

$frl$v_aa_removals_tco2e_yr
  [1] -1394775 -1335926 -1437300 -1541657 -1513739 -1291634 -1423680 -1542607
  [9] -1736786 -1248100 -1802445 -1387446 -1701039 -1223820 -1284318 -1661936
 [17] -1561245 -1420535 -1489762 -1800942 -1584344 -1642776 -1048815 -1753197
 [25] -1375875 -1515910 -1511191 -1302263 -1840078 -1301159 -1545543 -1516174
 [33] -1809090 -2208017 -1719949 -1603046 -1698658 -1458380 -1242780 -1649092
 [41] -1116002 -1520569 -1665854 -1472941 -1590845 -1512397 -1089967 -1553667
 [49] -1891201 -1581115 -1215675 -1796770 -1188907 -1510186 -1369088 -1613262
 [57] -1366458 -1546237 -1475445 -1357633 -1704152 -1834501 -1300544 -1814120
 [65] -1264716 -1637223 -1721382 -1560729 -1977331 -1834198 -1996654 -1219921
 [73] -1573140 -1502734 -1512340 -1443136 -1381148 -1626641 -1965448 -1636867
 [81] -1684978 -1243187 -1456396 -1555239 -1550753 -1807616 -1704703 -1401643
 [89] -1716510 -1932065 -1567130 -1648962 -1853252 -1625049 -1334160 -1960940
 [97] -1470676 -1198903 -1430428 -1537418 -1993191 -1242898 -1565896 -1631911
[105] -1266397 -1978932 -1417562 -1813773 -1242097 -1444318 -1663908 -1627695
[113] -1413871 -1470030 -2034421 -1476830 -1570451 -1612554 -1680989 -1415027
[121] -1229341 -1331626 -1686165 -1744816 -2062931 -1681514 -1546099 -1402541
[129] -1822457 -1596718 -1268108 -1521031 -1539629 -1179986 -1431915 -1574121
[137] -1660260 -1511224 -1278106 -1812001 -1702569 -1299171 -1434615 -1204643
[145] -2061348 -1379383 -1567976 -1715018 -1530158 -1545944
 [ reached getOption("max.print") -- omitted 9850 entries ]

$frl$aa_net_emissions_tco2e_yr
[1]  392396.18  152954.49  157487.87  -81042.18 -805358.79

$frl$v_aa_net_emissions_tco2e_yr
  [1] -111931.615  -57979.999  -15922.755 -264318.710 -151830.366   23057.672
  [7] -144778.266 -141061.364 -491585.397  197597.930 -576232.990    3921.209
 [13] -344453.699  161589.215 -194637.147 -240819.249  -80676.638 -173992.385
 [19]  -70695.875 -502148.706 -356307.655 -387881.166  181085.204 -441198.780
 [25]   93527.436 -291086.655 -173009.137  -23961.927 -493884.676  -27757.519
 [31] -165993.461 -135101.199 -416422.997 -816050.783 -426975.982 -449014.884
 [37] -331699.438 -210414.397  182257.328  -93218.736  223956.817 -123236.530
 [43] -272680.969 -163230.513 -244412.538  -48914.579  398189.670 -220415.086
 [49] -694949.051 -303279.198  126523.464 -472250.168   -5627.573 -301394.928
 [55] -150220.251 -255098.763  -65019.495 -291151.939  -57888.969    4468.169
 [61] -587675.777 -519015.056  -24543.284 -431012.894    2019.061 -295153.143
 [67] -399987.653 -334954.688 -802467.721 -458379.695 -727884.289   88000.016
 [73] -193329.943 -208350.419  -52077.650 -111973.628 -129255.852 -205302.072
 [79] -631112.302  -51228.981 -369578.914   49087.624  -91785.397 -191496.710
 [85] -230551.913 -198759.262 -491764.652 -103362.435 -171000.758 -639465.365
 [91] -334829.495 -228994.126 -580760.992 -368374.513  -95623.957 -531964.242
 [97] -221957.821   -1632.338 -109872.920  -70482.962 -752279.854  162117.731
[103] -250190.349 -122531.382   97405.983 -739761.723 -172299.263 -615342.532
[109]  -23188.369 -133449.263 -282590.378 -183315.621  127776.478 -137202.579
[115] -673435.937  -21731.064 -199615.787 -283245.427 -383496.336 -192645.871
[121]  153578.772  -45455.459 -424437.097 -362788.731 -679317.515 -374806.201
[127] -179467.690  -60682.842 -548373.306 -225013.823   67860.578 -225161.101
[133] -399394.533   26004.083 -204793.468 -157988.323 -335412.830 -247751.121
[139]  285280.773 -431114.924 -473543.848  -82740.546  -20900.479  212785.804
[145] -843984.036  -51502.689 -246395.452 -395194.738 -332152.616 -224459.667
 [ reached getOption("max.print") -- omitted 9850 entries ]

$frl$lci_aa_emissions_tco2e_yr
     5% 
1179817 

$frl$uci_aa_emissions_tco2e_yr
    95% 
1504502 

$frl$uci_aa_removals_tco2e_yr
     95% 
-1188250 

$frl$lci_aa_removals_tco2e_yr
      5% 
-1910144 

$frl$lci_aa_net_emissions_tco2e_yr
     5% 
-606227 

$frl$uci_aa_net_emissions_tco2e_yr
     95% 
186033.8 


R version 3.6.3 (2020-02-29)
Platform: x86_64-pc-linux-gnu (64-bit)
Running under: Debian GNU/Linux 9 (stretch)

Matrix products: default
BLAS:   /usr/lib/atlas-base/atlas/libblas.so.3.0
LAPACK: /usr/lib/atlas-base/atlas/liblapack.so.3.0

locale:
 [1] LC_CTYPE=en_NZ.UTF-8       LC_NUMERIC=C              
 [3] LC_TIME=en_NZ.UTF-8        LC_COLLATE=en_NZ.UTF-8    
 [5] LC_MONETARY=en_NZ.UTF-8    LC_MESSAGES=en_NZ.UTF-8   
 [7] LC_PAPER=en_NZ.UTF-8       LC_NAME=C                 
 [9] LC_ADDRESS=C               LC_TELEPHONE=C            
[11] LC_MEASUREMENT=en_NZ.UTF-8 LC_IDENTIFICATION=C       

attached base packages:
 [1] splines   stats4    grid      stats     graphics  grDevices utils    
 [8] datasets  methods   base     

other attached packages:
 [1] microbenchmark_1.4-7            FijiNFMSCalculations_1.0.2     
 [3] MonteCarloUtils_0.0.0.9001      ValueWithUncertainty_0.0.0.9001
 [5] VGAM_1.1-5                      survey_4.1-1                   
 [7] survival_3.1-8                  Matrix_1.2-18                  
 [9] data.table_1.14.0               nlme_3.1-144                   

loaded via a namespace (and not attached):
[1] lattice_0.20-40 DBI_1.1.1       magrittr_2.0.1  compiler_3.6.3 
[5] mitools_2.4    
