[1] "==== debug: CalcFRLDegradation.R:52"
              source      est       lci      uci
1     FD_Logging_net 159407.6 126380.18 199696.2
2 FD_Biomass_burning 164602.6 137174.39 190342.4
3   FD_NaturalForest 149935.0  51444.26 321838.4
4           FD_total 473945.2 366922.11 645540.9
[1] "==== debug: CalcFRLTable.R:36"
  sourceSink gross_emissions gross_removals net_emissions
1         DF           24.48           0.00         29.06
2        FDL           12.40           3.80         11.74
3        FDF           10.22           0.00         12.13
4       FUEL            5.16           0.00          6.13
5       FDNF            9.31           0.00         11.04
6       ECAR            0.00          14.35         11.27
7       ECHS           38.43          81.85         18.64
[1] "==== debug: CalcFRLTable.R:427"
  aa_emissions_tco2e_yr lci_aa_emissions_tco2e_yr uci_aa_emissions_tco2e_yr aa_removals_tco2e_yr lci_aa_removals_tco2e_yr uci_aa_removals_tco2e_yr aa_net_emissions_tco2e_yr lci_aa_net_emissions_tco2e_yr lci_aa_net_emissions_tco2e_yr.1
1             394478.89                 277900.51                  502002.4                 0.00                     0.00                     0.00                 394478.89                     277900.51                      502002.445
2             199851.40                 166669.90                  235640.8            -40443.81                -53162.97                -24881.78                 159407.59                     126380.18                      199696.226
3             164602.59                 137174.39                  190342.4                 0.00                     0.00                     0.00                 164602.59                     137174.39                      190342.373
4              83171.56                  59506.28                  107842.4                 0.00                     0.00                     0.00                  83171.56                      59506.28                      107842.404
5             149934.98                  51444.26                  321838.4                 0.00                     0.00                     0.00                 149934.98                      51444.26                      321838.388
6                  0.00                      0.00                       0.0           -152931.04               -271856.60                -69828.70                -152931.04                    -271856.60                      -69828.699
7             619079.58                 533575.66                  716132.9           -872082.38              -1057832.33               -637059.05                -253002.80                    -480540.48                       -9154.331
8            1611119.00                1433425.12                 1819226.9          -1065457.24               -785707.07              -1319069.68                 545661.76                     249012.08                      896404.068
[1] "==== debug: CalcFRLTable.R:36"
  sourceSink gross_emissions gross_removals net_emissions
1         DF           25.82           0.00         30.96
2        FDL           13.08           3.80         12.51
3        FDF           10.77           0.00         12.92
4       FDNF            9.81           0.00         11.77
5       ECAR            0.00          14.35         12.00
6       ECHS           40.52          81.85         19.85
[1] "==== debug: CalcFRLTable.R:451"
   aa_emissions_tco2e_yr lci_aa_emissions_tco2e_yr uci_aa_emissions_tco2e_yr aa_removals_tco2e_yr lci_aa_removals_tco2e_yr uci_aa_removals_tco2e_yr aa_net_emissions_tco2e_yr lci_aa_net_emissions_tco2e_yr lci_aa_net_emissions_tco2e_yr.1
1               394478.9                 277900.51                  502002.4                 0.00                     0.00                     0.00                  394478.9                     277900.51                      502002.445
2               199851.4                 166669.90                  235640.8            -40443.81                -53162.97                -24881.78                  159407.6                     126380.18                      199696.226
3               164602.6                 137174.39                  190342.4                 0.00                     0.00                     0.00                  164602.6                     137174.39                      190342.373
5               149935.0                  51444.26                  321838.4                 0.00                     0.00                     0.00                  149935.0                      51444.26                      321838.388
6                    0.0                      0.00                       0.0           -152931.04               -271856.60                -69828.70                 -152931.0                    -271856.60                      -69828.699
7               619079.6                 533575.66                  716132.9           -872082.38              -1057832.33               -637059.05                 -253002.8                    -480540.48                       -9154.331
71             1527947.4                1352791.33                 1740819.8          -1065457.24               -785707.07              -1319069.68                  462490.2                     165324.23                      819256.568
$rs_fd
              source      est       lci      uci
1     FD_Logging_net 159407.6 126380.18 199696.2
2 FD_Biomass_burning 164602.6 137174.39 190342.4
3   FD_NaturalForest 149935.0  51444.26 321838.4
4           FD_total 473945.2 366922.11 645540.9

$frltab
    source_sink estimate_tco2e_yr lci_tco2e_yr uci_tco2e_yr
1         aaeDF         394478.89    277900.51    502002.45
2       aaeFD_L         199851.40    166669.90    235640.76
3     aaeFD_BSW         164602.59    137174.39    190342.37
4      aaeFD_NF         149934.98     51444.26    321838.39
5      aaeEC_HS         619079.58    533575.66    716132.93
6  aae_Combined        1527947.44   1352791.33   1740819.83
7       aarFD_L         -40443.81    -53162.97    -24881.78
8      aarEC_AR        -152931.04   -271856.60    -69828.70
9      aarEC_HS        -872082.38  -1057832.33   -637059.05
10 aar_Combined       -1065457.24   -785707.07  -1319069.68
11       aaneDF         394478.89    277900.51    502002.45
12       aaneFD         473945.16    366922.11    645540.90
13       aaneEC        -405933.85   -644289.45   -103130.37
14          FRL         462490.20    165324.23    819256.57

$v_aaneec
  [1] -199359.59 -368199.90  -75058.27 -304236.53 -465110.94 -199153.74 -140077.59 -240612.43 -474910.41 -467782.14 -350703.21 -198675.42 -237169.92 -334746.41 -316819.81 -235406.37 -560694.05 -163659.02 -221809.97 -243792.91 -306634.93 -377204.81 -430439.09 -646877.27 -488817.00 -546931.69 -362806.75 -427497.38
 [29] -439684.44 -446051.38 -189847.26 -466025.97 -426090.38 -807620.33 -594604.94 -387912.04 -347406.66 -569044.98 -492640.84 -276629.70 -423305.12 -345033.79 -223648.64 -549460.35 -368086.25 -551452.35 -423747.28 -327014.33 -656716.25 -573409.56   75338.44 -280109.22 -617206.10 -618745.46 -308716.17 -390800.43
 [57] -480365.61 -223011.97 -472053.97 -290489.88 -569472.55 -359977.46 -644153.25 -271641.78  -98562.40 -740588.75 -356197.90  -76795.89 -572298.59 -304285.23 -493877.88 -530386.13 -106929.57 -349940.31 -510764.28 -583865.74   10292.01 -133195.86 -638788.78 -195094.51 -422713.40 -485703.77 -483891.63 -434997.97
 [85] -391983.98 -559080.75 -378655.47 -492945.44 -451722.37 -310746.98 -103370.79 -163548.04 -522971.33 -191003.73 -270703.55 -605007.79 -334452.61 -298994.67 -593270.16 -654269.56

$v_aaefd
  [1] 602964.1 586890.6 616745.7 574743.8 890089.3 709232.8 554490.6 530988.2 612243.2 562498.9 475106.2 533362.1 540146.6 529651.5 539390.1 561735.7 780746.9 625834.6 494587.5 559564.2 597924.8 479769.1 626643.6 616510.7 493405.5 641900.0 821252.0 563653.1 579908.8 735559.7 760114.3 671296.4 681459.8 750108.3 610420.8
 [36] 626386.6 596117.4 656349.2 736468.6 684753.0 490344.4 622087.7 500261.6 627443.2 582440.7 721433.7 623056.2 746466.3 540907.9 451410.3 704878.1 620689.7 597539.9 523586.3 607511.7 603929.9 583909.7 606158.8 713677.7 578432.5 522431.3 586606.4 648037.1 745613.1 561523.0 432269.8 580914.6 529886.0 549018.5 519686.6
 [71] 847579.5 675352.0 689680.4 594396.6 725285.8 567913.8 570125.4 553470.5 568632.2 678490.4 448751.2 680625.5 600232.4 503407.4 644607.0 653608.5 730549.3 665414.4 592989.9 556097.8 613878.4 510622.5 537936.1 502017.7 612537.2 725339.0 511042.3 583675.1 704305.8 592974.0

$v_aarfd
  [1] 26856.34 40924.35 38450.41 24883.39 27379.06 33415.56 43949.48 29811.59 28690.04 33691.32 44721.66 34124.15 37316.23 45850.41 49857.58 38616.03 24095.35 41191.51 41406.96 34968.28 42700.41 51943.81 47669.97 49262.49 35241.52 53158.35 48149.70 36113.46 26024.62 41599.14 24851.26 39098.36 47962.82 40763.29 31163.84
 [36] 56188.49 37011.45 40225.43 39607.39 35528.87 27100.59 54567.62 53107.66 37976.21 37812.08 25265.62 25784.43 32043.65 23562.78 39658.69 40777.85 42892.49 32419.68 32987.10 31710.99 53250.65 40465.66 39021.91 23774.27 40861.92 55830.84 41053.01 30520.94 35867.00 54879.29 41043.59 35837.51 40805.20 37274.00 24912.42
 [71] 32989.83 40294.33 42562.94 45031.83 43513.52 37862.20 43103.08 37280.62 39813.06 29080.96 41958.07 44839.07 37980.03 32382.67 44201.84 50045.10 38956.69 46993.52 37769.44 48563.76 42508.16 22221.82 41476.88 27788.14 28966.24 45919.99 42686.39 38809.01 39748.10 32731.00

$v_aanefd
  [1] 459289.9 461309.0 499338.5 467919.3 753467.6 593576.1 397736.7 400112.3 504611.4 471316.0 338133.2 427609.9 426008.6 416167.7 393216.1 442842.8 664883.9 503289.3 362995.8 427869.8 456715.3 367128.8 511929.4 480454.3 374862.6 510389.1 722507.7 445567.5 440417.6 631729.2 658265.1 548852.0 578865.6 608599.4 511873.5
 [36] 475427.5 465936.4 556606.9 600509.4 560098.3 387410.1 471346.9 382516.2 512212.7 442813.4 633649.5 523549.1 644871.2 428025.2 340747.6 578685.4 524337.3 475642.9 421674.6 451291.6 473440.5 463930.4 495072.1 618653.6 456769.0 376205.3 472786.2 547132.3 615163.0 423966.6 317755.6 480692.6 397037.3 427633.3 425297.8
 [71] 755285.3 532220.5 575516.9 455937.0 606895.1 429690.1 450434.2 455790.1 457907.5 571596.2 339766.6 550077.2 502531.9 368647.0 496862.7 495794.7 631390.8 528021.9 475453.1 421323.7 503899.0 423552.3 421723.1 370326.8 509625.6 609060.2 394628.5 456196.8 602790.1 479597.8

$frl
$frl$aa_emissions_tco2e_yr
[1] 394478.9 199851.4 164602.6 149935.0      0.0 619079.6

$frl$v_aa_emissions_tco2e_yr
  [1] 1539398 1552830 1647919 1656726 1753226 1650577 1484719 1518263 1406804 1466339 1335434 1560823 1413427 1376688 1447100 1481079 1650925 1544740 1469054 1453610 1576580 1469046 1674027 1546837 1404671 1567009 1622768 1315296 1516435 1576268 1725583 1611828 1629007 1634283 1478436 1567106 1500679 1612856 1505112
 [40] 1715281 1383330 1494750 1563100 1357335 1441655 1622121 1585311 1708892 1521164 1301690 1647461 1694470 1569694 1573046 1478907 1446754 1432570 1677839 1779665 1438617 1466401 1519484 1716106 1737543 1454497 1444203 1441772 1480823 1549023 1451558 1775138 1698058 1538727 1445968 1543583 1441669 1520707 1593804
 [79] 1530179 1544085 1374001 1487807 1489822 1414169 1619485 1413414 1680191 1535457 1477944 1407425 1559753 1381418 1329112 1479265 1688425 1729537 1360392 1412760 1546799 1614722 1596910 1383954 1605528 1479557 1743804 1673974 1520098 1571435 1658835 1705237 1278350 1652664 1364500 1430666 1382312 1542034 1566139
[118] 1637994 1376298 1486357 1419753 1528303 1573752 1623530 1391155 1624584 1655962 1441787 1540457 1649130 1849393 1669351 1617280 1549614 1538775 1516931 1590997 1663868 1510771 1684499 1435673 1418007 1482094 1475394 1424204 1662956 1420934 1680580 1306721 1492873
 [ reached getOption("max.print") -- omitted 9850 entries ]

$frl$aa_removals_tco2e_yr
[1]       0.00  -40443.81       0.00       0.00 -152931.04 -872082.38

$frl$v_aa_removals_tco2e_yr
  [1]  -967304.4  -983600.5  -822499.3 -1012634.8 -1093496.0  -869113.5  -877446.3 -1040854.4 -1147347.5 -1138355.7 -1008323.7  -947859.6  -883483.2  -922876.3 -1004584.7  -946451.9 -1130857.5  -865468.9  -886234.8  -936324.9  -962293.6 -1133182.1 -1174833.1 -1300824.4 -1121678.8 -1289590.2  -965717.3 -1055111.3
 [29] -1181791.4 -1090363.8  -846937.6 -1173580.6 -1107970.8 -1406216.8 -1252320.0 -1072558.3 -1088398.6 -1280002.0 -1050593.6  -992647.2 -1059017.5  -918559.2  -924695.9 -1127146.9 -1025643.4 -1107455.1 -1027243.0  -985148.2 -1263466.1 -1234884.7  -697506.9  -984737.3 -1233912.0 -1340403.9  -973566.4 -1088030.9
 [57] -1054556.3  -914665.2 -1055893.6  -869411.3 -1186669.7  -976751.9 -1326401.2  -984009.9  -762391.6 -1442715.2  -967902.2  -797834.8 -1257620.7  -979654.0 -1095614.5 -1204744.9  -762869.2 -1020690.6 -1055448.2 -1318683.8  -736311.3  -900215.1 -1250319.3  -918271.7 -1085497.6 -1078713.9 -1145193.2 -1066234.9
 [85] -1153279.9 -1144228.2 -1013300.7 -1114474.1 -1143360.4  -968024.2  -719964.0  -786909.1 -1102056.8  -861265.9  -989619.2 -1340116.2 -1046618.0  -939549.3 -1119174.1 -1249541.5

$frl$aa_net_emissions_tco2e_yr
[1]  394478.9  159407.6  164602.6  149935.0 -152931.0 -253002.8

$frl$v_aa_net_emissions_tco2e_yr
  [1]  572093.826  569229.816  825419.804  644091.340  659729.964  781463.989  607272.515  477408.854  259457.021  327983.168  327110.755  612963.638  529944.272  453812.059  442515.286  534627.541  520067.467  679271.499  582818.798  517285.079  614286.252  335864.348  499193.576  246012.658  282992.390  277418.875
 [27]  657051.139  260184.530  334644.005  485904.286  878644.949  438247.681  521036.332  228066.493  226116.018  494548.092  412280.341  332853.654  454518.394  722633.908  324312.795  576190.702  638404.001  230188.247  416011.594  514666.307  558067.921  723744.299  257697.392   66804.986  949954.538  709732.925
 [53]  335782.024  232642.044  505340.132  358723.087  378013.664  763173.346  723771.406  569205.927  279731.347  542732.447  389704.574  753532.752  692105.845    1488.222  473869.711  682987.936  291402.576  471903.496  679523.153  493313.219  775857.452  425277.395  488134.316  122985.161  784395.400  693588.523
 [79]  279859.864  625813.592  288503.676  409093.048  344628.587  347934.426  466205.597  269185.898  666889.785  420982.970  334583.790  439400.485  839789.346  594508.906  227055.625  617999.357  698805.459  389420.370  313774.352  473210.901  427624.588  365180.602  629605.625  400353.908  783028.328  466922.392
[105]  650307.819  804860.809  642651.394  530580.382  511487.075  566881.059  270026.648  704804.495  481016.429  507789.956  377727.299  595582.415  435281.026  772525.189  490063.314  550032.474  457459.810  395121.000  398918.835  322705.644  269475.932  334993.752  690244.841  386675.273  358665.162  558766.037
[131] 1002455.743  495770.839  509309.208  143397.154  286455.201  444373.002  502597.977  383866.380  460177.306  691851.496  376655.458  499447.594  557397.914  348246.803  398561.047  555501.022  393691.127  695431.989   43254.939  257988.508
 [ reached getOption("max.print") -- omitted 9850 entries ]

$frl$lci_aa_emissions_tco2e_yr
     5% 
1352791 

$frl$uci_aa_emissions_tco2e_yr
    95% 
1740820 

$frl$uci_aa_removals_tco2e_yr
      95% 
-785707.1 

$frl$lci_aa_removals_tco2e_yr
      5% 
-1319070 

$frl$lci_aa_net_emissions_tco2e_yr
      5% 
165324.2 

$frl$uci_aa_net_emissions_tco2e_yr
     95% 
819256.6 


R version 3.6.3 (2020-02-29)
Platform: x86_64-pc-linux-gnu (64-bit)
Running under: Debian GNU/Linux 10 (buster)

Matrix products: default
BLAS:   /usr/lib/x86_64-linux-gnu/blas/libblas.so.3.8.0
LAPACK: /usr/lib/x86_64-linux-gnu/lapack/liblapack.so.3.8.0

locale:
 [1] LC_CTYPE=en_US.UTF-8       LC_NUMERIC=C               LC_TIME=en_US.UTF-8        LC_COLLATE=en_US.UTF-8     LC_MONETARY=en_US.UTF-8    LC_MESSAGES=en_US.UTF-8    LC_PAPER=en_US.UTF-8       LC_NAME=C                  LC_ADDRESS=C               LC_TELEPHONE=C             LC_MEASUREMENT=en_US.UTF-8
[12] LC_IDENTIFICATION=C       

attached base packages:
 [1] splines   stats4    grid      stats     graphics  grDevices utils     datasets  methods   base     

other attached packages:
 [1] microbenchmark_1.4-7        FijiNFMSCalculations_1.0.10 MonteCarloUtils_1.0.1       ValueWithUncertainty_1.0.3  VGAM_1.1-7                  survey_4.2-1                survival_3.1-8              Matrix_1.2-18               data.table_1.17.8           nlme_3.1-164               

loaded via a namespace (and not attached):
[1] lattice_0.20-40 DBI_1.2.2       magrittr_2.0.4  compiler_3.6.3  mitools_2.4    
