              source      est      lci      uci
1     FD_Logging_net 152954.5 116863.9 188489.5
2 FD_Biomass_burning 157487.9 128030.9 185551.7
3           FD_total 310442.4 263812.9 355423.8
  sourceSink gross_emissions gross_removals net_emissions
1         DF           27.55           0.00         23.46
2        FDL           13.71           2.78          9.15
3        FDF           11.06           0.00          9.42
4       FUEL            5.83           0.00          4.97
5       ECAR            0.00           5.31          4.85
6       ECHS           41.85          91.91         48.16
  aa_emissions_tco2e_yr lci_aa_emissions_tco2e_yr uci_aa_emissions_tco2e_yr
1             392396.18                 272952.49                  498000.5
2             195316.10                 162062.70                  228393.7
3             157487.87                 128030.89                  185551.7
4              83096.02                  58724.16                  108540.1
5                  0.00                      0.00                       0.0
6             596194.92                 515290.97                  701113.3
7            1424491.09                1268308.72                 1578201.9
  aa_removals_tco2e_yr lci_aa_removals_tco2e_yr uci_aa_removals_tco2e_yr
1                 0.00                     0.00                     0.00
2            -42361.61                -57150.46                -27790.04
3                 0.00                     0.00                     0.00
4                 0.00                     0.00                     0.00
5            -81042.18               -119121.89                -48601.23
6          -1401553.70              -1645934.07              -1174501.00
7          -1524957.50              -1294699.55              -1769981.00
  aa_net_emissions_tco2e_yr lci_aa_net_emissions_tco2e_yr
1                 392396.18                     272952.49
2                 152954.49                     116863.93
3                 157487.87                     128030.89
4                  83096.02                      58724.16
5                 -81042.18                    -119121.89
6                -805358.79                   -1057543.93
7                -100466.41                    -399844.33
  lci_aa_net_emissions_tco2e_yr.1
1                       498000.50
2                       188489.45
3                       185551.72
4                       108540.05
5                       -48601.23
6                      -552706.29
7                       176075.55
  sourceSink gross_emissions gross_removals net_emissions
1         DF           29.25           0.00         24.69
2        FDL           14.56           2.78          9.62
3        FDF           11.74           0.00          9.91
4       ECAR            0.00           5.31          5.10
5       ECHS           44.45          91.91         50.68
   aa_emissions_tco2e_yr lci_aa_emissions_tco2e_yr uci_aa_emissions_tco2e_yr
1               392396.2                  272952.5                  498000.5
2               195316.1                  162062.7                  228393.7
3               157487.9                  128030.9                  185551.7
5                    0.0                       0.0                       0.0
6               596194.9                  515291.0                  701113.3
61             1341395.1                 1188123.3                 1492062.0
   aa_removals_tco2e_yr lci_aa_removals_tco2e_yr uci_aa_removals_tco2e_yr
1                  0.00                     0.00                     0.00
2             -42361.61                -57150.46                -27790.04
3                  0.00                     0.00                     0.00
5             -81042.18               -119121.89                -48601.23
6           -1401553.70              -1645934.07              -1174501.00
61          -1524957.50              -1294699.55              -1769981.00
   aa_net_emissions_tco2e_yr lci_aa_net_emissions_tco2e_yr
1                  392396.18                      272952.5
2                  152954.49                      116863.9
3                  157487.87                      128030.9
5                  -81042.18                     -119121.9
6                 -805358.79                    -1057543.9
61                -183562.43                     -483229.5
   lci_aa_net_emissions_tco2e_yr.1
1                        498000.50
2                        188489.45
3                        185551.72
5                        -48601.23
6                       -552706.29
61                        92946.95
$rs_fd
              source      est      lci      uci
1     FD_Logging_net 152954.5 116863.9 188489.5
2 FD_Biomass_burning 157487.9 128030.9 185551.7
3           FD_total 310442.4 263812.9 355423.8

$frltab
    source_sink estimate_tco2e_yr lci_tco2e_yr uci_tco2e_yr
1         aaeDF         392396.18    272952.49    498000.50
2       aaeFD_L         195316.10    162062.70    228393.71
3     aaeFD_BSW         157487.87    128030.89    185551.72
4      aaeEC_HS         596194.92    515290.97    701113.27
5  aae_Combined        1341395.07   1188123.28   1492061.97
6       aarFD_L         -42361.61    -57150.46    -27790.04
7      aarEC_AR         -81042.18   -119121.89    -48601.23
8      aarEC_HS       -1401553.70  -1645934.07  -1174501.00
9  aar_Combined       -1524957.50  -1294699.55  -1769981.00
10       aaneDF         392396.18    272952.49    498000.50
11       aaneFD         310442.36    263812.85    355423.83
12       aaneEC        -886400.97  -1142513.92   -628374.77
13          FRL        -183562.43   -483229.52     92946.95

$v_aaneec
  [1]  -707079.7  -892775.5  -705736.1  -846976.7  -889785.8  -826806.5
  [7]  -891641.8  -776271.9  -994991.1  -799838.3 -1011771.4  -871204.0
 [13]  -834134.2  -556704.0  -669494.3  -950377.4  -919573.0  -714119.6
 [19]  -939476.6  -938878.0  -987371.2  -880737.9  -602563.7  -897581.4
 [25]  -720338.7  -836795.1 -1025017.1  -633642.2 -1103425.9  -812345.0
 [31]  -819726.8  -860499.4  -918323.4 -1168965.5 -1186358.0 -1032765.3
 [37]  -951502.8  -936408.4  -676745.3  -969137.2  -535829.8  -885648.5
 [43]  -858353.8  -822281.5  -809517.3  -948329.3  -545969.9  -803795.2
 [49] -1295959.0 -1019269.1  -652067.0  -956954.5  -606647.6 -1029537.1
 [55]  -813353.0  -872250.9  -628404.3  -828057.9  -846621.3  -751370.3
 [61] -1066930.6 -1108791.5  -731304.5 -1150462.4  -798830.1  -972484.8
 [67]  -896041.6  -900746.2 -1093103.8 -1012103.4 -1129685.3  -668436.3
 [73]  -866795.8  -685519.2  -841391.7  -843841.8  -793019.8  -750139.6
 [79] -1004640.7  -912108.0 -1035761.8  -860102.4  -765503.2  -896653.9
 [85]  -853532.1  -958227.4 -1197918.9  -743514.5  -928152.0 -1126172.5
 [91]  -984008.9  -909088.5 -1303517.3  -968698.5  -899800.9 -1052300.5
 [97] -1045557.8  -908610.0  -819329.4  -896845.3 -1091341.0  -568321.2
[103]  -771099.4 -1077348.6  -775625.4 -1148742.6  -911298.1 -1080736.1
[109]  -672905.8  -759386.7  -954792.0  -841372.8  -750929.2  -800746.5
[115] -1297998.0 -1008243.2  -899926.8  -840710.6  -899521.1  -929939.9
[121]  -856286.6  -980605.2  -931550.2  -952526.3 -1177251.2 -1010228.6
[127]  -776238.1  -766169.3  -993145.5  -793510.5  -657133.0  -846594.7
[133]  -826556.0  -759025.3  -927652.2  -846327.8  -927826.0  -938654.8
[139]  -582525.0 -1174494.6 -1032894.3  -878636.2  -624173.6  -788578.2
[145] -1064009.9  -867669.0 -1031635.7 -1019905.7  -804455.4  -755961.9
 [ reached getOption("max.print") -- omitted 9850 entries ]

$v_aaefd
  [1] 428169.0 422359.6 412712.2 375635.9 475764.7 391741.9 424225.8 419930.2
  [9] 449662.9 487675.5 410340.0 427585.8 411038.2 427368.0 453905.5 422719.3
 [17] 435884.4 465371.1 440647.6 401181.5 430986.5 459766.1 463913.6 429554.2
 [25] 392684.6 412948.7 414344.7 498115.1 405123.9 394552.1 381139.9 436548.3
 [33] 434610.3 441224.1 445419.8 470630.0 453254.5 463703.6 502488.8 482934.1
 [41] 434929.0 510463.9 444920.1 435923.9 469053.5 457080.9 395306.0 480261.0
 [49] 420565.6 395075.4 451846.2 417861.5 394025.6 411821.2 409343.1 433356.6
 [57] 465419.3 406649.9 462632.4 446087.9 371150.1 438074.3 432584.1 415139.1
 [65] 440215.0 399509.9 441094.1 405912.9 391020.7 422745.8 451889.9 457381.4
 [73] 407458.1 423755.9 477043.8 433853.3 452711.4 447705.7 435370.3 483329.9
 [81] 394555.6 412661.9 442808.9 406246.7 435451.6 492279.7 451556.8 394969.1
 [89] 371403.6 382748.8 430750.4 428312.0 442051.2 385504.9 415136.8 461485.3
 [97] 458521.5 441190.1 459300.5 430949.6 358875.9 471759.0 414828.2 450650.0
[105] 445256.9 433198.6 494487.8 445352.1 417115.6 410821.0 459399.4 397637.4
[113] 401324.1 417959.9 441758.2 455856.1 484039.7 457268.7 434954.6 486300.0
[121] 431055.9 401498.9 412031.7 452516.5 435646.2 478796.1 418080.6 431574.4
[129] 426726.1 421404.2 426526.5 381436.8 405427.6 400546.2 410031.0 432339.1
[137] 393847.9 416835.8 422051.5 470727.9 428483.8 466199.2 410013.5 389279.6
[145] 403671.0 419406.2 418944.3 443388.4 395603.3 436937.2
 [ reached getOption("max.print") -- omitted 9850 entries ]

$v_aarfd
  [1] 49070.29 59931.70 57393.62 53693.90 36507.45 29935.45 28474.01 41351.42
  [9] 30300.23 48339.39 53207.99 57409.20 26712.35 37043.96 41329.29 36800.07
 [17] 37603.61 50198.45 35841.00 38553.87 42261.23 38573.43 55435.25 39220.92
 [25] 54288.30 42678.74 35311.42 44149.34 36858.77 25077.42 30896.09 39348.95
 [33] 54684.49 43476.81 45404.95 49456.31 43906.72 41037.34 49085.75 45721.47
 [41] 52512.40 29119.07 36905.54 38210.31 37435.28 30513.94 44272.29 28027.76
 [49] 53779.96 30147.37 43224.52 33566.29 38298.83 44968.09 45091.37 58703.08
 [57] 33234.59 46128.16 53655.10 50351.22 38895.59 39445.22 39733.34 43745.96
 [65] 24489.78 44806.96 55110.19 40375.47 50711.07 41263.03 48028.01 30719.88
 [73] 51726.99 32402.54 52087.84 46467.10 37180.60 44246.33 43194.83 41252.39
 [81] 31377.23 31013.68 43548.59 43208.85 36644.25 46513.44 38038.42 59374.76
 [89] 43366.55 49313.75 23002.37 44065.11 34483.19 59414.78 42304.80 32761.48
 [97] 39006.30 42263.44 46579.71 46270.95 31898.03 59279.97 35406.58 39113.78
[105] 36663.04 50478.16 38990.56 43845.16 58778.55 33873.61 47642.32 29332.16
[113] 26700.12 36022.41 29775.05 49897.50 38524.97 44536.33 48270.94 40967.04
[121] 44851.99 60123.29 52803.01 56645.60 40396.30 43949.73 31501.27 43860.75
[129] 56904.20 44996.39 37258.30 45450.74 56275.26 50231.30 35694.62 38944.37
[137] 46431.89 31376.58 42497.11 27704.97 34750.83 41226.47 40976.73 53029.26
[145] 58321.22 34498.58 49907.85 48931.53 35608.46 40937.11
 [ reached getOption("max.print") -- omitted 9850 entries ]

$v_aanefd
  [1] 302105.2 286603.9 274623.7 244943.4 369164.0 306866.5 315050.4 302288.0
  [9] 354184.1 352119.1 277369.2 283947.7 286623.4 306457.6 323862.7 298926.9
 [17] 345360.2 330970.7 321906.3 283736.3 282399.7 335857.2 306995.5 303446.2
 [25] 269849.9 276310.9 316450.3 350098.1 312863.3 317398.3 287365.0 333975.1
 [33] 293804.7 304208.7 326488.6 342406.0 332900.9 302610.6 352097.4 339760.8
 [41] 284719.8 378559.8 318002.3 317096.6 315709.1 346856.9 285582.0 347915.2
 [49] 272006.2 297808.6 316205.0 310999.8 274436.4 279912.1 287440.5 303221.0
 [57] 351773.7 284890.3 324031.8 307281.3 263521.8 288495.3 330752.3 315246.7
 [65] 321244.7 277952.2 304878.3 288448.1 277961.8 307793.5 316357.2 345054.3
 [73] 267542.9 299723.5 353680.3 316471.4 302614.6 319513.0 326071.9 343104.8
 [81] 276210.5 294725.2 294457.9 294736.7 320684.6 349944.5 328247.3 254616.7
 [89] 258781.4 261223.1 289859.3 322310.0 313185.2 244771.6 304880.1 336237.2
 [97] 353642.2 318475.4 319666.2 307800.7 250582.3 309030.0 294312.4 310631.5
[105] 318720.1 287368.0 348634.5 300199.1 266238.8 295282.2 306330.2 297983.8
[113] 301970.7 318703.9 320954.5 320502.4 347101.1 306590.4 301011.6 331062.3
[121] 315272.5 278135.6 283435.6 294987.2 329786.8 340454.1 327510.3 307869.6
[129] 294422.6 297804.3 299069.9 271479.8 276062.5 280444.7 289010.3 335132.4
[137] 262855.5 321711.8 301526.3 329742.8 309022.7 332063.8 307650.5 284763.3
[145] 257852.2 307376.7 279532.4 318235.9 258777.4 310835.7
 [ reached getOption("max.print") -- omitted 9850 entries ]

$frl
$frl$aa_emissions_tco2e_yr
[1] 392396.2 195316.1 157487.9      0.0 596194.9

$frl$v_aa_emissions_tco2e_yr
  [1] 1261788 1339950 1318798 1294152 1393029 1259560 1323513 1351208 1282321
 [10] 1498890 1255588 1363070 1376738 1415815 1120506 1420723 1512416 1215006
 [19] 1394559 1223346 1287870 1319999 1212256 1252498 1466679 1180797 1306844
 [28] 1308966 1349016 1231946 1392981 1427307 1361627 1363332 1307770 1228820
 [37] 1390693 1212663 1437551 1557698 1309655 1446015 1444188 1290766 1337452
 [46] 1391165 1480458 1400359 1279238 1198227 1345416 1305581 1257668 1292683
 [55] 1253531 1392507 1339821 1255777 1392853 1396053 1139715 1318003 1291105
 [64] 1333639 1225956 1332785 1366513 1251923 1180912 1338485 1279763 1321955
 [73] 1256672 1290449 1458462 1297363 1329360 1376882 1337511 1563443 1225770
 [82] 1280456 1324790 1338259 1341704 1463360 1280035 1216834 1426031 1228149
 [91] 1267866 1486734 1274135 1272469 1236240 1429101 1235251 1210795 1376529
[100] 1485665 1234520 1332685 1234100 1312015 1307667 1296342 1326641 1157189
[109] 1242635 1355697 1313486 1359191 1465030 1316288 1326721 1404649 1387101
[118] 1276213 1222619 1257199 1387147 1199178 1304214 1397022 1469812 1297522
[127] 1429091 1325638 1234974 1405253 1416749 1243578 1218684 1237431 1278640
[136] 1364327 1349016 1236926 1534333 1252783 1232888 1251807 1392389 1347290
[145] 1260918 1305538 1266644 1381706 1164489 1339635
 [ reached getOption("max.print") -- omitted 9850 entries ]

$frl$aa_removals_tco2e_yr
[1]        0.00   -42361.61        0.00   -81042.18 -1401553.70

$frl$v_aa_removals_tco2e_yr
  [1] -1390290 -1486097 -1348500 -1598701 -1503700 -1378775 -1531503 -1431959
  [9] -1602155 -1506459 -1684404 -1571343 -1487975 -1318935 -1240653 -1649707
 [17] -1580278 -1384194 -1576664 -1610294 -1603896 -1540025 -1276466 -1566812
 [25] -1533586 -1426335 -1702132 -1275836 -1794605 -1353026 -1535841 -1557890
 [33] -1646049 -1898013 -1793197 -1585828 -1590918 -1512224 -1363582 -1664052
 [41] -1218295 -1538032 -1553008 -1466489 -1474818 -1582568 -1344213 -1406884
 [49] -1903706 -1554838 -1338295 -1585336 -1273148 -1660476 -1446376 -1596648
 [57] -1203450 -1466851 -1517974 -1453751 -1647251 -1769440 -1298351 -1745214
 [65] -1385308 -1650660 -1496796 -1506126 -1692170 -1614043 -1748550 -1352134
 [73] -1527251 -1381884 -1452078 -1525339 -1386283 -1421755 -1658646 -1607357
 [81] -1642823 -1449893 -1412808 -1568584 -1519867 -1684754 -1765341 -1340333
 [89] -1678919 -1810538 -1562327 -1588529 -1865235 -1582362 -1512210 -1716564
 [97] -1643536 -1495323 -1426611 -1520426 -1768507 -1285902 -1363603 -1687694
[105] -1437523 -1809341 -1516749 -1645261 -1267414 -1361030 -1650641 -1515739
[113] -1460485 -1462711 -1979375 -1649189 -1582251 -1443243 -1533903 -1462516
[121] -1522148 -1567454 -1562857 -1609440 -1842552 -1645103 -1484902 -1321640
[129] -1584275 -1410673 -1314324 -1531499 -1464412 -1459689 -1475159 -1455211
[137] -1621694 -1573128 -1304783 -1756448 -1593740 -1453707 -1362782 -1425074
[145] -1747831 -1526804 -1638829 -1645513 -1433702 -1439294
 [ reached getOption("max.print") -- omitted 9850 entries ]

$frl$aa_net_emissions_tco2e_yr
[1]  392396.18  152954.49  157487.87  -81042.18 -805358.79

$frl$v_aa_net_emissions_tco2e_yr
  [1] -128501.655 -146147.334  -29701.952 -304548.851 -110671.528 -119214.439
  [7] -207990.387  -80751.253 -319834.331   -7568.815 -428815.518 -208272.542
 [13] -111237.142   96879.531 -120146.601 -228983.762  -67862.395 -169187.395
 [19] -182105.756 -386948.680 -316025.485 -220026.259  -64209.350 -314313.261
 [25]  -66906.842 -245537.746 -395287.924   33129.243 -445589.120 -121079.506
 [31] -142859.643 -130582.716 -284421.927 -534681.412 -485427.820 -357008.151
 [37] -200224.922 -299560.661   73968.240 -106353.475   91359.780  -92016.434
 [43] -108819.793 -175723.708 -137366.610 -191402.943  136245.375   -6525.294
 [49] -624467.883 -356610.349    7120.710 -279754.833  -15480.067 -367793.240
 [55] -192844.314 -204141.434  136370.934 -211074.265 -125121.830  -57698.311
 [61] -507536.521 -451436.397   -7245.874 -411575.274 -159352.146 -317874.611
 [67] -130283.236 -254203.013 -511257.237 -275557.546 -468787.319  -30178.435
 [73] -270578.198  -91434.879    6383.923 -227976.399  -56922.469  -44872.629
 [79] -321134.906  -43913.288 -417052.374 -169436.386  -88018.667 -230325.265
 [85] -178162.379 -221393.385 -485306.256 -123499.432 -252888.060 -582389.221
 [91] -294461.560 -101795.009 -591100.144 -309892.708 -275969.795 -287463.044
 [97] -408284.524 -284528.010  -50082.251  -34761.035 -533987.189   46782.992
[103] -129502.217 -375679.114 -129855.770 -512998.978 -190107.828 -488072.002
[109]  -24779.086   -5333.573 -337154.734 -156548.238    4545.285 -146423.049
[115] -652653.788 -244539.447 -195150.027 -167029.293 -311284.217 -205317.415
[121] -135001.803 -368276.466 -258642.792 -212417.512 -372739.829 -347581.335
[127]  -55811.008    3998.565 -349301.521   -5420.080  102424.714 -287920.529
[133] -245728.002 -222257.599 -196518.543  -90883.762 -272678.611 -336201.579
[139]  229550.175 -503665.340 -360852.918 -201899.552   29607.167  -77784.198
[145] -486913.883 -221265.748 -372184.575 -263806.274 -269213.367  -99658.576
 [ reached getOption("max.print") -- omitted 9850 entries ]

$frl$lci_aa_emissions_tco2e_yr
     5% 
1188123 

$frl$uci_aa_emissions_tco2e_yr
    95% 
1492062 

$frl$uci_aa_removals_tco2e_yr
     95% 
-1294700 

$frl$lci_aa_removals_tco2e_yr
      5% 
-1769981 

$frl$lci_aa_net_emissions_tco2e_yr
       5% 
-483229.5 

$frl$uci_aa_net_emissions_tco2e_yr
     95% 
92946.95 


R version 3.6.3 (2020-02-29)
Platform: x86_64-pc-linux-gnu (64-bit)
Running under: Debian GNU/Linux 9 (stretch)

Matrix products: default
BLAS:   /usr/lib/atlas-base/atlas/libblas.so.3.0
LAPACK: /usr/lib/atlas-base/atlas/liblapack.so.3.0

locale:
 [1] LC_CTYPE=en_NZ.UTF-8       LC_NUMERIC=C              
 [3] LC_TIME=en_NZ.UTF-8        LC_COLLATE=en_NZ.UTF-8    
 [5] LC_MONETARY=en_NZ.UTF-8    LC_MESSAGES=en_NZ.UTF-8   
 [7] LC_PAPER=en_NZ.UTF-8       LC_NAME=C                 
 [9] LC_ADDRESS=C               LC_TELEPHONE=C            
[11] LC_MEASUREMENT=en_NZ.UTF-8 LC_IDENTIFICATION=C       

attached base packages:
 [1] splines   stats4    grid      stats     graphics  grDevices utils    
 [8] datasets  methods   base     

other attached packages:
 [1] microbenchmark_1.4-7            FijiNFMSCalculations_1.0.2     
 [3] MonteCarloUtils_0.0.0.9001      ValueWithUncertainty_0.0.0.9001
 [5] VGAM_1.1-5                      survey_4.1-1                   
 [7] survival_3.1-8                  Matrix_1.2-18                  
 [9] data.table_1.14.0               nlme_3.1-144                   

loaded via a namespace (and not attached):
[1] lattice_0.20-40 DBI_1.1.1       magrittr_2.0.1  compiler_3.6.3 
[5] mitools_2.4    
