$year1
                stratum     Estimate          LCI        UCI         HW       RM
1         Deforestation    41727.002    26185.228   59094.81  16454.793  39.43 %
2  Forest Deg (felling)   106194.550    88002.798  124415.29  18206.245  17.14 %
3     Forest Deg (fire)     3556.977     2991.565    4111.17    559.801  15.74 %
4    Forest Plantations   560498.762   487185.922  658736.14  85775.109  15.30 %
5         Sum Emissions   711977.290   635068.909  813060.59  88995.840  12.50 %
6  Forest Deg (felling)    -4900.500    -6841.469   -3122.46   1859.507  37.95 %
7         Afforestation     -114.544     -339.541       0.00    169.770 148.21 %
8    Forest Plantations -1142649.318 -1330369.651 -966154.95 182107.348  15.94 %
9          Sum Removals -1147664.363 -1333517.257 -970804.15 181356.554  15.80 %
10        Deforestation    41727.002    26185.228   59094.81  16454.793  39.43 %
11   Forest Degradation   104851.027    86625.965  123079.50  18226.770  17.38 %
12          Enhancement  -582265.100  -776649.464 -375528.31 200560.578  34.44 %
13                Total  -435687.072  -631943.358 -226375.25 202784.054  46.54 %

$year2
                stratum     Estimate          LCI        UCI         HW       RM
1         Deforestation    41727.002    26209.558   59073.05  16431.748  39.38 %
2  Forest Deg (felling)    85038.800    70523.426   99554.15  14515.361  17.07 %
3     Forest Deg (fire)     4334.199     3646.208    5008.36    681.074  15.71 %
4    Forest Plantations   687430.168   596963.145  810252.66 106644.757  15.51 %
5         Sum Emissions   818530.168   725765.168  943248.78 108741.805  13.29 %
6  Forest Deg (felling)    -3931.290    -5489.049   -2497.98   1495.537  38.04 %
7         Afforestation     -114.544     -340.311       0.00    170.156 148.55 %
8    Forest Plantations -1163438.132 -1354323.289 -985290.80 184516.245  15.86 %
9          Sum Removals -1167483.966 -1359322.397 -989887.46 184717.471  15.82 %
10        Deforestation    41727.002    26209.558   59073.05  16431.748  39.38 %
11   Forest Degradation    85441.709    70918.535  100008.99  14545.229  17.02 %
12          Enhancement  -476122.509  -681046.936 -254249.04 213398.947  44.82 %
13                Total  -348953.798  -554926.508 -125887.06 214519.725  61.48 %

$year1
$year1$year
[1] 2019

$year1$GrossEmDefor
[1] 41727

$year1$EstEmRemsFDeg
[1] 104851

$year1$EstEmRemsEnh
[1] -582265

$year1$NetEmRems
[1] -435687


$year2
$year2$year
[1] 2020

$year2$GrossEmDefor
[1] 41727

$year2$EstEmRemsFDeg
[1] 85441.7

$year2$EstEmRemsEnh
[1] -476123

$year2$NetEmRems
[1] -348954


$MpGrossEmDefor
[1] 83454

$MpEstEmRemsFDeg
[1] 190293

$MpEstEmRemsEnh
[1] -1058388

$MpNetEmRems
[1] -784641

$RpNetEmRems
[1] -580419

$MpEstFRL
[1] -401416

$RpEstFRL
[1] -296938

$MpEstERs
[1] 383225

$RpEstERs
[1] 283481

$RpEstEmRemsFDeg
[1] 140764

$MpEstFRLFDeg
[1] 620884

$RpEstFRLFDeg
[1] 459284

$MpEstERsFDeg
[1] 430591

$RpEstERsFDeg
[1] 318520

$MpEstEmRemsDefEnh
[1] -974934

$RpEstEmRemsDefEnh
[1] -721184

$MpEstFRLDefEnh
[1] -1022300

$RpEstFRLDefEnh
[1] -756222

$MpEstERsDefEnh
[1] -47366.4

$RpEstERsDefEnh
[1] -35038.2

$McMpEstERsDefEnh
$McMpEstERsDefEnh$value
 Estimate       LCI       UCI 
 -47366.4 -554689.3  397974.2 

$McMpEstERsDefEnh$MCresults
        9899         4563         9329         4763         1414         5359         8061         5010         1487 
-125930.4048 -166160.3055 -456286.0154 -110210.7173  212696.7954    3796.3276   37612.2220  -59598.9974  -62135.7299 
        7378         1268         8278         6364         6514         4742         3206         6745         8801 
 143125.8546 -400403.4792  -34832.7928   68210.1843   58807.0813  -81931.0688 -157379.3986 -341855.5203  193088.4055 
        8359         5639         9229         1483         1855         5142         8368         6234         4651 
-229613.2680 -259256.5253 -320482.8612 -360835.1240 -659384.1338   74610.1872  560319.3609 -195604.9070   13985.8888 
        5718          572         8699         6067         4136          792          382         9649         3827 
-177354.8472   51817.3882 -159034.1059  551656.9987 -242469.9318  159050.4544  228490.0367 -121342.7003 -299852.2721 
        7345         8997         5192         2855         7518         8325         3561         8336         8604 
-302327.7694  116469.4953 -150453.9498  -41501.4273 -214347.6041 -235968.9489  283029.5665   56796.1781  126891.1152 
        9618         7285         8155         3693         8354         6867         6845         7802         7583 
 -47593.3864 -439464.5082  174978.2870   24834.1036 -317834.4832  126294.5665   16790.4978 -358643.0973 -193498.3019 
        2408          172         9098         1383         8056          697         1096         1804         3481 
  20197.4451 -293061.1686 -162270.9294 -349493.5701   58882.6878 -432769.5889 -516197.9903  152515.4955 -115317.2724 
        5160         6095         8590         2564          635          230         2772          545         4767 
 136083.3948 -547539.7280   36279.2711  -12664.5319   57829.8796 -416349.3310  103418.9442 -196099.4817 -169237.3001 
         362         3326         6765         7600         7022         1726         6719         2637           71 
-463056.4232 -106370.3806 -165461.2984  255888.8476  121678.0690  134601.1281   67979.7043 -216875.6097 -273802.5978 
        4453         9770         7929         3620         4952         5530         1870         4016         2193 
-436573.3187 -197778.8591  252436.4631  -23521.3633 -161675.3781  422070.9814  222103.1976  354711.7277 -382344.7982 
        9669         7227         8588         1662          630         6044         5089         5975         5642 
-424509.0383 -150002.2465  -24455.4427 -499293.5765 -513486.2973   19425.7903 -536738.2606  503637.3194  -83554.4300 
        9150         8829         8451         1320         7255          970         8842         7596         7420 
 430704.5438  192630.0622   31982.1277   -5969.7277 -256629.4029 -131017.5016 -219080.6464 -301205.8052   69901.8025 
        1378         9632          664         4131         1299         6217         4520         9466         3824 
  63113.2163   24690.5589 -596282.0837  292194.9698   12406.3631  129086.6576  -27860.3260 -578047.6804  210271.8607 
        6017         9160         6691         7388         1504          276         5342         5405         3214 
-462930.3005  454128.0808  -26868.2741 -568351.4851  -82799.2635  168978.6634 -113696.6563  -98350.2363  231902.5023 
        5074         5977         6402         3737         4257         9025         2451         9676         5932 
-319133.7663 -326388.6814 -309641.5639 -133553.3777  211391.9797 -575649.4019 -600636.8997   42702.1383  195747.0068 
        8708          622         7303         5531         8489         5880         8859         3710         8181 
 -31795.2760   36789.6989  194152.2617 -186726.7668 -132121.1546  107545.8790 -319855.3183   47732.4435    6685.3672 
        2841         6656         4192         8102         8677         2105         2516         2280         7661 
 413336.0946  345389.5488 -179603.9423   25600.0365 -287576.9350  -82862.0253 -124427.2839 -317512.3465  127316.7811 
        1111         2344         4145         5030         3714         9504         7704         2645         3092 
-618143.1046 -580860.5338 -435104.8606   77556.2686   50656.2690  -45939.0901 -434856.1174 -239022.4363  194025.5912 
        7198          327         5395         4401          104         6285          302         2929         4534 
 282033.8473 -606563.7726 -218405.5922  -76994.2547 -418162.6660  303866.0939 -245660.9334 -244533.1654 -480216.3401 
        1175         4850         2017         5492         7961          107         4413         7662         3730 
 -52954.9084  320433.5663  -21331.5455  -63894.7904 -277225.6908  211533.1427  261984.7232  -50338.5032 -184454.8331 
        7100         8629         4968         6927         3722         1200         8588         9893         9021 
 122901.1718 -512410.8090 -300033.9899  114571.9658  243181.2602  333211.3172  365457.3750  -84053.9740  112151.0409 
        7907         3804         9308         8283         4275         1111         7321         1911         3961 
-402131.4754  -64199.9525 -196723.1175  -24360.8853  -26687.4974  336885.6608 -231649.9389  542435.9099  250575.3035 
        7263         8222         1887         2619         4748         9397         4268          667         8517 
 -14054.0117 -651226.5119   95782.8315  156013.1792 -247260.3378  237988.5856   57876.0030  144321.5166  505908.9918 
         251         1794         4485          823         1505          936         6235          838         1465 
 223422.8070   52882.5074  -82802.6069  219221.9630   13078.0410  119999.7323 -175730.5443  374007.6681  216802.6521 
        9872         9705         6957         8257         3000         6720         8540         7103          838 
   7506.1891   62140.1818  -39143.2831  336586.3057  177258.3856  104215.8220  -24413.2614  -43375.1050 -228890.7954 
        9156         8930         8976         5936          210         3728          992         8980         8159 
 -55166.8618 -540159.8628  165648.1629 -193794.6797   81464.0799 -399726.3918 -224706.7299  -74703.8396  -47271.7839 
        2156         2096         5529         8421         5228         3596         1766         2136         8731 
-144998.1955  164152.7711  412458.6631   65726.9183  -50114.2869  412868.4988 -185818.6593 -190936.8694   35105.1964 
        1151         9841         2087         3647         1160         2785         8583         7416         6066 
-265710.9045  -81411.3859  377942.1277 -529486.1292 -549659.3239 -121009.3577   75411.3621   27390.8159 -206653.6904 
        3807         3125         1783         8879         9090          327         9146         6023          571 
 -72749.9097  269899.7934  467251.6794  179628.7026  282405.4475   12993.2225 -219386.6301   24362.2118  416338.7822 
        5443         7883         5854         7584         6091         6587         5080         6293         3054 
-487155.3869  -10256.3396 -126410.9264   47091.9124   -9480.1311 -255204.9056 -360888.0492 -262428.0933 -435597.4385 
        2620         2307         8270         4116         1394         7325         2543         4393          281 
 299259.1695   49356.9531 -360221.9959  624398.4587  402689.1517 -583826.2755  -46007.8169   -5089.2964  -21388.4205 
        4484         9225         4946         1978         4945         4401         9867         6413         3270 
-122316.6163  -96240.3769  103879.0637  304586.3376 -508692.3022  537839.1287  294087.1865  -31729.8398  -10091.2935 
        7066         3133         4653         7544         8845         5888         5585         4136         6916 
-228422.2350 -265459.4138  -26917.5684  687125.8519 -406483.0080  -22898.5162 -237313.8474 -117374.5973 -592472.8341 
        5847         9509         3712         7173         8261         2743         4159         7261         2742 
-218514.4981 -123966.3029  115995.5171 -306476.6339   46444.1807   95826.4340   40180.3457 -135789.7118    8324.1482 
        7955         2348         8749         7535          897          368         7003          571         4486 
-178003.2950   66170.0336  105203.1128 -427121.0477   51025.3532 -168366.8084 -267341.6448 -724174.1544 -208949.7117 
        9186         5146         9761         2689          367         7399         3634          241         7875 
-168368.9052 -502561.0073  329333.9692 -438953.5209 -131737.9667  -17213.5165  -46166.5285   42985.0646 -119344.8569 
        9540         4443         4950         5846         4048         7939          591         8998         2891 
-468582.3595  107709.5501   42262.3918  -89620.0246  382386.5616 -109202.2300  -65334.5104  247575.9356 -633984.7550 
        6425         2962          831         1345         7458         7963         4364         9848         9517 
  90487.5674  361895.3442 -124151.7062  614427.1550 -856990.9511 -359102.1927  249942.9483 -545803.0248 -330061.9544 
         273         4116         3839         5857         3899         1011         9906         6887         5655 
 228431.6225  169191.0234 -230317.5789   48744.8474   56349.3285  290649.0204 -291412.9952 -266877.4210 -204442.9290 
        8525         2692         9024          355         8287         9302         3092         4223         5023 
-210640.2294 -500028.9324   -7267.1141  196044.2836   96478.6344  -71371.5867  -69995.9232   -6554.4186  155883.4914 
        6960         1950         7132         2003         4016         5611         5024         4152         8543 
-152119.3542  -45670.9053 -282906.1989   74030.6051  135597.1205 -271718.1766 -356367.8310 -425581.2021 -436783.9775 
        6937         4910         8022         1736         1392          819          817         8220         8268 
  54957.7047  175637.8265 -204936.8630  -46833.4811   36562.9150    7849.1819      34.0286 -363437.4042 -175394.4600 
         969         6626         2433         7829         6527         2816         6198         6603         6406 
-510909.5454  403473.7554  154523.0188   72037.5046  -43191.9542 -136512.1211 -270816.6560 -159194.9402 -495205.0185 
        5915         2956         6674         3315         3255         6338         8384         7923         3608 
  31113.3860   -5886.2581  114540.9571  -40679.2615  522184.4299  296150.0513 -406053.2919 -124718.9333   34817.6536 
        6706         5745         2135         4486         4244         5883         2677         7343         6504 
-393195.9408 -168993.6499 -795969.6464 -123900.2108 -258322.8695  215034.2680 -530411.8313   40650.8500   69461.9951 
        6388         4183         6964         8202         5465         9508         8353         7894         9595 
 245798.6119   -9063.9123  452463.3085 -317379.5662 -137951.0590  257171.9206  294682.2301 -491035.4267 -370893.2837 
         511         2002         6051         7753         7423         8014         8712         8438         9902 
 104473.5865  228579.5087 -354161.6426  212983.1601 -302640.7192 -274177.5027 -173627.5827 -550914.3380   59100.9758 
        1154         1931         2789         4961         2916         9681         2911          568          687 
-110983.5447 -272137.8467 -313852.8594 -277148.9130 -241393.3308 -301081.1181   94970.1266   75255.9846  302975.9841 
        7982         2872         1232         1478         7990         2324         9407         8168         7427 
 416835.8221 -205469.4890  729805.6287  634756.3361 -733456.1437  160957.0682  119031.2084 -321239.4639 -331819.1401 
        2702         2463         4101         6122         6757         8408         4848         3672         4953 
 243437.9992 -191895.4883  205554.3075  186700.3656 -501694.9569  -34741.0279  -38382.3889  235584.3904 -689363.9267 
         836         1959          242         9487         4434         7835          437         6706         7947 
 210590.6280  171019.8947  -28585.6920   79788.0951 -497928.1750 -598237.8338 -189458.0194   90587.9720 -344591.5962 
        4612         5316         7793         3777         7972         2253         1020         3075         1446 
 112048.5846 -328641.0512  392045.1209 -306258.1079 -330406.6281 -289940.9469 -574173.9947 -230596.3438   -2023.8553 
        4369         2437         5448         8301         2404         7000         8582         9473         4415 
-219326.2913 -131420.7986  128552.6810  -84965.7584  149618.8346 -544992.7297  315983.9160  334210.5890  -70334.2756 
        5415         5307         8815         6265         6397         7798         6120         1632         5269 
-377239.1938 -222277.2110 -509772.5439  234943.5422 -315458.5642  360763.9516   32391.1094 -240601.6701  195386.3705 
        5556         8508         7298         8476         2514          797         4144         6291         7593 
 117695.0473   47164.1811 -661425.6652  -79570.2197  189759.6345  383011.1040  193131.4065 -119142.8274 -460107.3934 
        6387         8875         2565         7704         4330         6032         4871         6908         9708 
 -96840.5875  120405.6731 -288145.7454  -69243.8131  317739.0123  240332.1579  213320.4399 -327200.4402 -178574.1581 
        8972         5274         3983         9704         5617         2781          607         7689         4974 
-350618.3226 -571783.6736  492391.2811   88065.2549  119036.7448  311559.7364  -94928.2811  -86124.8908   -2887.4082 
        2149         1610         4735         9115         3404         7456         7968         9375         3060 
 423595.3410  -54811.5636 -619066.5831  185906.8987 -548392.4093  355080.8645 -129051.8691   96431.7246 -438308.6068 
        6874         2507         4734         2112          446         5431         2080          771         9302 
 415270.6834 -109728.2936 -137922.1233 -403285.3862  -38788.3507 -135235.5406 -172126.2751 -704119.4295  472043.6370 
        4083         6122         4352         4524         1786         4667         4387          165         5107 
 294930.0684 -215226.5140 -513686.7515 -139202.5832 -467455.6646 -220418.4232  383632.7129  355097.8374 -181801.2065 
        1412         3000         4763         6343          596         1816         9760         1058         2451 
 125100.3217  101267.0333   99929.4294 -175105.6880  145170.7719 -449783.8595 -395712.0782   49925.8027 -335308.0313 
        8342          169         7713         9835         2652         6167         6684         9025         5531 
 -27824.0177 -222907.6090 -127869.1207  372279.2157 -224886.9624 -159564.8306 -106485.4775 -165715.1203 -500361.9894 
        9023         3813         3678         8206         8352         6214         6726          360         7970 
  85981.5945 -394815.1185  253014.4679  177842.0831 -583116.7089 -439980.6799 -353073.4964  -81207.0274    1611.6241 
        2111         5729          614         9790         5036         3515         6047         7843         6685 
 100380.3915 -351752.9041  -65594.3406  345467.3633 -264981.6161  261312.0598  102469.2705    5590.6923 -166476.3032 
        1654          227         2117         5250         3907         6901         9591         2932         1994 
 -16980.9946 -123230.1821 -207056.1303 -411084.5053   36658.8576  118374.7705 -137072.2857 -362772.9797 -631628.1281 
        7756         5286         6622         8338         5957         6387         3905         8103         3777 
-204952.2579 -227803.4959 -478494.0312  -93443.3192 -334466.0573 -102842.6607 -276792.4836   17251.7009  -37277.2906 
         440          317         6841          750         7458         9750          785         5425         3177 
 231931.8073 -225370.5664  291632.8086  -81315.9163 -115822.1350  372168.8371  218776.7406 -329923.1704 -213998.3082 
        4356         6470         7018         9474         8880         5677         3975          944         6939 
  96072.4305 -117428.4111   94733.8924 -141942.7070  122392.2449  158656.6743  273384.2373  -74818.2411  128955.2290 
        6285         7619         6529          378         4447         1830         7412         4563         2891 
-449260.3895 -220457.2186 -204406.7955 -384132.5016 -418874.1200 -176833.4359  -67698.2721 -264563.7150  146707.4899 
        5454         2608         9853         1794         4317         7273         6262         9297         4634 
 -78383.9887 -320486.8075   -9647.7528 -205884.6846 -340252.7345  122209.8140   50579.1768  109543.5530   29129.8698 
        3350         6114         7467         5042          157         9557         4940         5368         1666 
 249710.9347 -607852.9323 -208766.0788  111704.7948   65678.1075 -133084.7120 -401169.0775  324835.0472 -313882.9587 
        1248         3408         7639         5812         3687         2392         2118         8867         7033 
   5522.6913 -168085.7669 -145212.6491  189829.6418 -238220.6359   36756.7906 -310731.9688    4280.1352   75863.9812 
        2819         9672         5208         8056         9833         6259          504         6363         9860 
 243488.4521 -571868.0275   79203.3502 -455897.0167  500488.7091 -148659.7842  215728.7228  124450.5913 -790732.5952 
        3759         7113         3997         1026         2854         7617         7080         7523         2501 
   2118.1310 -124358.1311 -292057.5422  450731.3330 -125708.1682   -9330.6391  533161.9082   51356.4321 -141054.0313 
        1389         5542         4847         9541         3626         5655         2374         2727         3943 
-199635.8397  -92298.0505 -760718.0276 -310901.5733   76276.2677  256990.8040 -243140.6011  124467.5827  352952.0924 
        3761         6031         9526         3869         4744         3735         8748         3699         6569 
  12747.6348 -314167.4336 -504600.6580  -62943.3958  128566.9935 -418635.5519 -327838.6172 -157571.0142  217444.6949 
        1952         6229         2545         1923         2540         4151         4871         3337         4710 
 387094.6305 -174234.6200   -4122.9188  263833.8497   83281.6264 -116563.2588  -91180.4941  258976.2627   -1320.1151 
        7595         1682         8870          616         8622         2608         7782         3201         5635 
  24324.2530 -246144.4697 -103418.9744 -165994.6246  214806.6998   11673.6580 -423492.4192 -232357.9438   63063.0839 
        9989          738          382          933          532         2413         8379           46         5399 
 -67909.3909  483731.8507   16367.1489  144288.8806   70404.4300 -323682.2480 -613080.4501 -104557.7962 -167899.6988 
        6788         5493         3471         2456         9931         7512         5353          184         4932 
 163770.9141     -13.9887  408457.2067  292132.9964 -430955.6874  -97792.1444 -380003.3277  223091.0465  242610.2679 
        4657         4065         8814         4859         1998         2993         6032         4701         8189 
 335756.0077   87928.4292  -79620.2455  -46653.4956  319209.9235 -101365.2094 -396882.8020 -269105.5651 -216557.0859 
        7281          406          688         2034          883         6178         9808         5297         1862 
-638509.6798 -215308.8710 -403902.7271 -214361.0376  472326.1227 -162561.1690 -208032.3884 -194144.7674 -250313.7620 
        8135         1271         5419         3418         8814         9223         1145         9698         5364 
 226647.1885 -144957.3871 -245100.5810  250446.3440  -25207.8475 -500558.3303  156158.8044 -484640.4461  112360.2146 
         632           22         1451         7841         7686         8793         3148         2784         3939 
-112156.9952 -137337.5584  112258.2360  -51179.1845 -403303.8441   -8505.3218 -204312.8339 -416013.6742 -601276.6600 
         536         6127         3356         3898         1755         2952         2484          857          498 
-485252.2344   87134.6565  631923.0889  -59665.5433   65083.0461  -58944.4394 -202947.7662  209359.0250  253870.0667 
         901         6860           73          704         7520         4548         6001          262         1450 
-323436.1280   64795.9564  -38069.4715 -233296.8371 -243332.3050  392958.9489 -305291.9939  -70093.0837 -245756.8867 
        8358         1567         3526         1617         4250         9313         4023         7826         4311 
  55456.4019 -323924.8806 -159254.0426 -222229.8714 -306887.7678  218376.4004   15152.8236  179241.0226  149911.0180 
        1984         6719         4696         1990         8176         2677         8017         8638         4425 
-269041.0211   80867.0703  -26910.6692 -344245.2613 -488728.6629 -469168.2834  110680.1063  358979.5778   12553.8805 
        9994         9445         8300         1307         4752         1728         7023         3178         7609 
 299600.1920  352945.3333  146713.0067  522218.1244  110303.8363  -86493.4927   34826.2686 -159323.0656 -153316.1779 
        5336         6805         1968         4510         8783         6920         3571         2272         8563 
 142750.6614   67916.7874 -393637.7284  417916.9345  -66266.1286  -73805.2974 -299251.8899 -857049.0573 -180920.9172 
        7402         2560         4401          883          104         9635         3391         1927          898 
 -82847.5926 -111628.5805 -458982.8303  195837.0047   42108.1267  163053.9631 -228013.7630  306715.1674 -175431.3525 
        3769         1185         1660         7121         4292         6065         9712         2405         5428 
 574537.6169 -243979.2933 -409533.4761 -115639.2500  230497.9250  -76894.8937 -166191.3964 -355453.7556 -301154.4573 
        5695         3979          842         4212         5814         8637         2052         5930         7829 
  96476.0104 -460723.7729  -64245.9389 -285648.4809 -735301.1563  589372.9036  218295.3589 -591955.5382 -112886.9276 
        8774         4629         1943         4721         2356         3493         5727         6136         3915 
 -70019.7075  -15152.8318 -734096.2545 -116375.0024  -68412.0530   22466.4668  314685.8661 -232360.8277 -425976.6659 
        2114         6491         8230         4013         8349         2607         6162         1580         9762 
 337402.5929 -230601.8201 -413693.1254 -186168.9201  248707.6452  181054.8679 -470893.0895  -55550.2191 -231535.0779 
        1350         9206         5814         8849         2577         8757         5013         8402         1040 
-253750.5670   78083.0984   58237.3819 -177127.4480  143616.2008   38662.8788 -640028.5782    4514.5568  144118.3745 
        2061          224         4710         7050         6679         1915         5525         1155         7042 
 142519.7174 -264853.0779   37482.4394 -713826.7825  218802.0183 -371355.4516 -317161.1968  -56590.7436 -205640.3569 
        6874         6451         8305         7932         3304         3719         7141         3943         8701 
-767311.2706 -318457.5672 -332988.4651 -427480.8048   40853.6077  190005.8584 -333605.7966 -186857.2517   58678.1928 
        7998         8222         6374         2602         4114         4706         1141         2737         3269 
-659125.6833  220945.7035  -44442.0286 -123694.5517 -127309.8316 -143803.5478 -180837.8658   23224.5350   69072.9276 
        5063          692         1095         4879         8521          661         4969         3134         5554 
-636491.8447 -549601.7138 -111496.5518  332018.6966  341196.6834 -348331.7275 -215005.6045 -107354.1088 -724847.2115 
        9891          205         2690          579         4140         7573         7350         9835         6295 
 200192.4501 -178710.0891 -525713.3340  172123.5753  -77949.8447 -196549.0460 -147104.6049   60852.4012  161677.6536 
        8115         4078         4581         7779         4455         2254         9611         5702         9760 
-313803.1522 -202684.5624    8070.8742  -34713.3884 -111605.2217 -542748.7390  -82142.3695 -404087.9363  584216.0544 
         805         4904         8904         9116         2785         5712         9962         6181         2853 
 205050.0927  542797.8353 -405288.5846  207659.6190  254738.2956  -42523.2830   63755.9603 -691929.6036 -156099.9389 
        1753         8723         6753         7829         9026          754         9667         2491         6314 
 244493.9671  152884.3495 -314571.9495  290254.0847   -6110.9213 -641013.2627  188808.8684  419552.8109 -222915.6903 
        9464         8406         6868         3297         2444         9473         3321         3809         9197 
  87235.1509  371969.0931  608404.1947 -374063.7224  497380.8433  100975.9043 -856037.8269  167222.6694  345663.9316 
        1496         5782          966         4579         3561         3601         8765         4304         1889 
  69127.3189 -236599.7327 -574217.4958  172141.1934 -221313.3652  174564.8267 -277499.2337  340678.5026 -103165.1576 
        6157         2122         6136         7833         3906         9131          646         9175          568 
-507054.3101 -190718.1069  132974.5300  224243.0191  250916.2370  180861.8862 -226101.1058  -39907.4833   13341.4181 
        2541         1895         5509         7723         7848         5044         1611         9648         1229 
-176098.2013  -84573.8072 -496453.3566  -11898.4797   -2601.8736 -640852.8723    8867.1556  390338.0318 -261428.6986 
        4778           12         8239         1356         8440         1289         6740         8261         9333 
 348734.0672   42683.7139  244881.1834 -671594.8770 -725067.5424  -13858.5296  126588.0378 -516812.9683  508011.4212 
        6441         7163         4246         3673         1844         8304         8512          425         1738 
-485977.3519  105670.5884 -144838.3588 -450900.1104 -150530.3768 -175357.7345 -449895.5490 -424038.8018  168797.7313 
        1241         9676          581         9105         1816         1467         2385         4354          235 
 156217.1712  151773.3598 -184746.9981 -427645.5964  259714.9710   41638.2596 -171522.1483  -62301.1923  244862.9678 
        2940 
  87992.9746 
 [ reached getOption("max.print") -- omitted 154853 entries ]
attr(,"debug")
attr(,"debug")$summary
    Min.  1st Qu.   Median     Mean  3rd Qu.     Max. 
-1202578  -278123   -79974   -79179   119929  1061750 

attr(,"debug")$total_runs
[1] 155853

attr(,"debug")$samples
         Runs        v
  [1,]      7       NA
  [2,]      8  16447.7
  [3,]   2805 243631.2
  [4,]   5602 243423.9
  [5,]   8300 231875.0
  [6,]   9667 219534.4
  [7,]  11278 207783.9
  [8,]  12913 197879.1
  [9,]  14527 188940.6
 [10,]  16105 181013.1
 [11,]  17657 173770.7
 [12,]  19184 167318.7
 [13,]  20687 161383.9
 [14,]  22165 156055.3
 [15,]  23619 151239.1
 [16,]  25045 146848.6
 [17,]  26445 142852.2
 [18,]  27819 139125.0
 [19,]  29171 135685.5
 [20,]  30504 132477.5
 [21,]  31817 129471.1
 [22,]  33112 126668.1
 [23,]  34390 124027.3
 [24,]  35650 121553.9
 [25,]  36894 119231.0
 [26,]  38120 117034.8
 [27,]  39330 114951.9
 [28,]  40526 112975.8
 [29,]  41708 111084.9
 [30,]  42877 109290.0
 [31,]  44034 107574.1
 [32,]  45178 105938.6
 [33,]  46310 104388.5
 [34,]  47428 102913.4
 [35,]  48531 101500.4
 [36,]  49621 100137.1
 [37,]  50701  98831.7
 [38,]  51770  97571.8
 [39,]  52829  96360.9
 [40,]  53878  95190.0
 [41,]  54917  94060.6
 [42,]  55947  92968.0
 [43,]  56968  91914.4
 [44,]  57980  90895.3
 [45,]  58982  89907.8
 [46,]  59976  88951.0
 [47,]  60962  88023.4
 [48,]  61940  87125.0
 [49,]  62909  86255.8
 [50,]  63869  85413.7
 [51,]  64820  84597.2
 [52,]  65763  83806.2
 [53,]  66697  83038.0
 [54,]  67623  82289.0
 [55,]  68541  81560.0
 [56,]  69452  80849.5
 [57,]  70356  80156.9
 [58,]  71254  79482.8
 [59,]  72145  78827.1
 [60,]  73028  78188.5
 [61,]  73904  77564.2
 [62,]  74773  76952.3
 [63,]  75637  76354.9
 [64,]  76495  75770.4
 [65,]  77347  75198.5
 [66,]  78193  74639.0
 [67,]  79034  74092.4
 [68,]  79869  73556.8
 [69,]  80698  73031.6
 [70,]  81522  72516.8
 [71,]  82341  72012.0
 [72,]  83155  71516.7
 [73,]  83964  71031.2
 [74,]  84768  70555.4
 [75,]  85566  70088.8
 [76,]  86359  69631.0
 [77,]  87147  69182.6
 [78,]  87930  68743.7
 [79,]  88707  68312.8
 [80,]  89478  67890.9
 [81,]  90244  67476.3
 [82,]  91005  67069.9
 [83,]  91761  66671.6
 [84,]  92511  66280.0
 [85,]  93256  65894.8
 [86,]  93997  65516.5
 [87,]  94733  65144.8
 [88,]  95464  64778.4
 [89,]  96191  64418.1
 [90,]  96914  64064.1
 [91,]  97633  63717.4
 [92,]  98346  63376.3
 [93,]  99054  63042.4
 [94,]  99756  62713.1
 [95,] 100454  62388.2
 [96,] 101148  62069.7
 [97,] 101838  61755.9
 [98,] 102523  61446.4
 [99,] 103204  61141.1
[100,] 103881  60839.4
[101,] 104555  60542.6
[102,] 105226  60250.2
[103,] 105892  59962.4
[104,] 106554  59678.9
[105,] 107212  59399.2
[106,] 107866  59123.4
[107,] 108516  58851.2
[108,] 109163  58582.6
[109,] 109806  58317.5
[110,] 110446  58055.9
[111,] 111082  57798.2
[112,] 111715  57544.1
[113,] 112344  57292.4
[114,] 112970  57044.1
[115,] 113593  56799.2
[116,] 114212  56557.6
[117,] 114827  56319.1
[118,] 115439  56084.0
[119,] 116047  55852.1
[120,] 116651  55623.1
[121,] 117251  55397.3
[122,] 117848  55174.3
[123,] 118441  54954.0
[124,] 119031  54736.3
[125,] 119618  54521.3
[126,] 120201  54308.5
[127,] 120781  54098.0
[128,] 121359  53890.1
[129,] 121933  53684.4
[130,] 122504  53480.8
[131,] 123073  53279.4
[132,] 123639  53080.7
[133,] 124202  52884.3
[134,] 124761  52689.7
[135,] 125317  52497.3
[136,] 125871  52307.5
[137,] 126421  52119.8
[138,] 126968  51934.0
[139,] 127512  51750.2
[140,] 128053  51568.3
[141,] 128591  51388.5
[142,] 129126  51210.5
[143,] 129659  51034.3
[144,] 130189  50859.9
[145,] 130716  50687.5
[146,] 131240  50516.8
[147,] 131761  50347.8
[148,] 132280  50180.4
[149,] 132796  50014.7
[150,] 133309  49850.4
[151,] 133820  49688.1
[152,] 134328  49527.1
[153,] 134833  49367.9
[154,] 135336  49210.6
[155,] 135835  49054.7
[156,] 136332  48900.4
[157,] 136826  48747.9
[158,] 137317  48596.7
[159,] 137805  48447.3
[160,] 138290  48299.0
[161,] 138772  48152.1
[162,] 139252  48006.4
[163,] 139730  47862.4
[164,] 140205  47719.3
[165,] 140678  47577.7
[166,] 141149  47437.0
[167,] 141617  47297.7
[168,] 142083  47159.6
[169,] 142547  47022.7
[170,] 143009  46887.0
[171,] 143468  46752.4
[172,] 143925  46619.0
[173,] 144380  46486.7
[174,] 144832  46355.5
[175,] 145282  46225.2
[176,] 145730  46096.1
[177,] 146176  45968.2
[178,] 146620  45841.3
[179,] 147061  45715.5
[180,] 147500  45590.8
[181,] 147937  45467.0
[182,] 148372  45344.3
[183,] 148804  45222.3
[184,] 149235  45101.3
[185,] 149664  44981.2
[186,] 150091  44862.1
[187,] 150516  44744.0
[188,] 150938  44626.8
[189,] 151358  44510.5
[190,] 151776  44395.1
[191,] 152192  44280.6
[192,] 152606  44166.9
[193,] 153018  44053.8
[194,] 153429  43941.7
[195,] 153838  43830.4
[196,] 154245  43719.9
[197,] 154650  43610.3
[198,] 155053  43501.5
[199,] 155454  43393.5
[200,] 155853  43286.4

attr(,"debug")$lci_samples
         Runs       v
  [1,]      7 -369248
  [2,]      8 -361995
  [3,]   2805 -428758
  [4,]   5602 -460695
  [5,]   8300 -479359
  [6,]   9667 -492143
  [7,]  11278 -501010
  [8,]  12913 -507841
  [9,]  14527 -512897
 [10,]  16105 -517000
 [11,]  17657 -520183
 [12,]  19184 -522846
 [13,]  20687 -525027
 [14,]  22165 -526815
 [15,]  23619 -528365
 [16,]  25045 -529720
 [17,]  26445 -530964
 [18,]  27819 -532080
 [19,]  29171 -533116
 [20,]  30504 -534062
 [21,]  31817 -534920
 [22,]  33112 -535698
 [23,]  34390 -536430
 [24,]  35650 -537097
 [25,]  36894 -537705
 [26,]  38120 -538286
 [27,]  39330 -538854
 [28,]  40526 -539383
 [29,]  41708 -539854
 [30,]  42877 -540286
 [31,]  44034 -540711
 [32,]  45178 -541110
 [33,]  46310 -541506
 [34,]  47428 -541895
 [35,]  48531 -542261
 [36,]  49621 -542607
 [37,]  50701 -542935
 [38,]  51770 -543242
 [39,]  52829 -543530
 [40,]  53878 -543800
 [41,]  54917 -544061
 [42,]  55947 -544312
 [43,]  56968 -544543
 [44,]  57980 -544761
 [45,]  58982 -544965
 [46,]  59976 -545161
 [47,]  60962 -545341
 [48,]  61940 -545505
 [49,]  62909 -545673
 [50,]  63869 -545836
 [51,]  64820 -545989
 [52,]  65763 -546133
 [53,]  66697 -546276
 [54,]  67623 -546416
 [55,]  68541 -546551
 [56,]  69452 -546674
 [57,]  70356 -546793
 [58,]  71254 -546911
 [59,]  72145 -547030
 [60,]  73028 -547147
 [61,]  73904 -547257
 [62,]  74773 -547361
 [63,]  75637 -547464
 [64,]  76495 -547564
 [65,]  77347 -547656
 [66,]  78193 -547742
 [67,]  79034 -547829
 [68,]  79869 -547912
 [69,]  80698 -547994
 [70,]  81522 -548072
 [71,]  82341 -548145
 [72,]  83155 -548211
 [73,]  83964 -548275
 [74,]  84768 -548336
 [75,]  85566 -548396
 [76,]  86359 -548451
 [77,]  87147 -548504
 [78,]  87930 -548558
 [79,]  88707 -548612
 [80,]  89478 -548666
 [81,]  90244 -548722
 [82,]  91005 -548775
 [83,]  91761 -548832
 [84,]  92511 -548888
 [85,]  93256 -548942
 [86,]  93997 -548995
 [87,]  94733 -549045
 [88,]  95464 -549088
 [89,]  96191 -549132
 [90,]  96914 -549176
 [91,]  97633 -549218
 [92,]  98346 -549258
 [93,]  99054 -549303
 [94,]  99756 -549346
 [95,] 100454 -549384
 [96,] 101148 -549428
 [97,] 101838 -549471
 [98,] 102523 -549514
 [99,] 103204 -549555
[100,] 103881 -549591
[101,] 104555 -549625
[102,] 105226 -549661
[103,] 105892 -549695
[104,] 106554 -549729
[105,] 107212 -549760
[106,] 107866 -549791
[107,] 108516 -549820
[108,] 109163 -549848
[109,] 109806 -549876
[110,] 110446 -549903
[111,] 111082 -549931
[112,] 111715 -549960
[113,] 112344 -549986
[114,] 112970 -550013
[115,] 113593 -550040
[116,] 114212 -550069
[117,] 114827 -550099
[118,] 115439 -550128
[119,] 116047 -550159
[120,] 116651 -550190
[121,] 117251 -550220
[122,] 117848 -550251
[123,] 118441 -550283
[124,] 119031 -550314
[125,] 119618 -550344
[126,] 120201 -550374
[127,] 120781 -550402
[128,] 121359 -550431
[129,] 121933 -550458
[130,] 122504 -550484
[131,] 123073 -550509
[132,] 123639 -550533
[133,] 124202 -550558
[134,] 124761 -550582
[135,] 125317 -550607
[136,] 125871 -550632
[137,] 126421 -550658
[138,] 126968 -550684
[139,] 127512 -550710
[140,] 128053 -550735
[141,] 128591 -550759
[142,] 129126 -550782
[143,] 129659 -550806
[144,] 130189 -550828
[145,] 130716 -550851
[146,] 131240 -550873
[147,] 131761 -550895
[148,] 132280 -550916
[149,] 132796 -550935
[150,] 133309 -550955
[151,] 133820 -550975
[152,] 134328 -550994
[153,] 134833 -551014
[154,] 135336 -551035
[155,] 135835 -551055
[156,] 136332 -551076
[157,] 136826 -551097
[158,] 137317 -551117
[159,] 137805 -551138
[160,] 138290 -551158
[161,] 138772 -551179
[162,] 139252 -551200
[163,] 139730 -551221
[164,] 140205 -551242
[165,] 140678 -551262
[166,] 141149 -551282
[167,] 141617 -551301
[168,] 142083 -551320
[169,] 142547 -551339
[170,] 143009 -551359
[171,] 143468 -551378
[172,] 143925 -551397
[173,] 144380 -551416
[174,] 144832 -551434
[175,] 145282 -551452
[176,] 145730 -551470
[177,] 146176 -551490
[178,] 146620 -551509
[179,] 147061 -551528
[180,] 147500 -551547
[181,] 147937 -551567
[182,] 148372 -551585
[183,] 148804 -551604
[184,] 149235 -551623
[185,] 149664 -551641
[186,] 150091 -551659
[187,] 150516 -551677
[188,] 150938 -551696
[189,] 151358 -551714
[190,] 151776 -551731
[191,] 152192 -551749
[192,] 152606 -551765
[193,] 153018 -551780
[194,] 153429 -551796
[195,] 153838 -551810
[196,] 154245 -551824
[197,] 154650 -551838
[198,] 155053 -551852
[199,] 155454 -551866
[200,] 155853 -551880

attr(,"debug")$uci_samples
         Runs      v
  [1,]      7 160171
  [2,]      8 155794
  [3,]   2805 229531
  [4,]   5602 267745
  [5,]   8300 292266
  [6,]   9667 308872
  [7,]  11278 320746
  [8,]  12913 330308
  [9,]  14527 337887
 [10,]  16105 343951
 [11,]  17657 348785
 [12,]  19184 352858
 [13,]  20687 356099
 [14,]  22165 359032
 [15,]  23619 361641
 [16,]  25045 363961
 [17,]  26445 366060
 [18,]  27819 367826
 [19,]  29171 369407
 [20,]  30504 370791
 [21,]  31817 372004
 [22,]  33112 373136
 [23,]  34390 374115
 [24,]  35650 375047
 [25,]  36894 375940
 [26,]  38120 376742
 [27,]  39330 377445
 [28,]  40526 378097
 [29,]  41708 378679
 [30,]  42877 379246
 [31,]  44034 379737
 [32,]  45178 380206
 [33,]  46310 380675
 [34,]  47428 381133
 [35,]  48531 381571
 [36,]  49621 381961
 [37,]  50701 382346
 [38,]  51770 382699
 [39,]  52829 383046
 [40,]  53878 383362
 [41,]  54917 383660
 [42,]  55947 383931
 [43,]  56968 384206
 [44,]  57980 384468
 [45,]  58982 384717
 [46,]  59976 384952
 [47,]  60962 385180
 [48,]  61940 385411
 [49,]  62909 385633
 [50,]  63869 385851
 [51,]  64820 386071
 [52,]  65763 386297
 [53,]  66697 386515
 [54,]  67623 386716
 [55,]  68541 386910
 [56,]  69452 387102
 [57,]  70356 387285
 [58,]  71254 387464
 [59,]  72145 387640
 [60,]  73028 387812
 [61,]  73904 387979
 [62,]  74773 388131
 [63,]  75637 388277
 [64,]  76495 388416
 [65,]  77347 388551
 [66,]  78193 388684
 [67,]  79034 388812
 [68,]  79869 388935
 [69,]  80698 389046
 [70,]  81522 389151
 [71,]  82341 389254
 [72,]  83155 389352
 [73,]  83964 389446
 [74,]  84768 389539
 [75,]  85566 389628
 [76,]  86359 389715
 [77,]  87147 389804
 [78,]  87930 389893
 [79,]  88707 389978
 [80,]  89478 390066
 [81,]  90244 390146
 [82,]  91005 390230
 [83,]  91761 390312
 [84,]  92511 390388
 [85,]  93256 390462
 [86,]  93997 390535
 [87,]  94733 390610
 [88,]  95464 390682
 [89,]  96191 390751
 [90,]  96914 390820
 [91,]  97633 390897
 [92,]  98346 390975
 [93,]  99054 391054
 [94,]  99756 391130
 [95,] 100454 391204
 [96,] 101148 391277
 [97,] 101838 391349
 [98,] 102523 391417
 [99,] 103204 391482
[100,] 103881 391543
[101,] 104555 391607
[102,] 105226 391670
[103,] 105892 391734
[104,] 106554 391797
[105,] 107212 391860
[106,] 107866 391923
[107,] 108516 391983
[108,] 109163 392042
[109,] 109806 392100
[110,] 110446 392156
[111,] 111082 392212
[112,] 111715 392266
[113,] 112344 392317
[114,] 112970 392367
[115,] 113593 392415
[116,] 114212 392462
[117,] 114827 392507
[118,] 115439 392554
[119,] 116047 392600
[120,] 116651 392645
[121,] 117251 392691
[122,] 117848 392736
[123,] 118441 392779
[124,] 119031 392822
[125,] 119618 392864
[126,] 120201 392905
[127,] 120781 392945
[128,] 121359 392984
[129,] 121933 393023
[130,] 122504 393061
[131,] 123073 393098
[132,] 123639 393137
[133,] 124202 393176
[134,] 124761 393211
[135,] 125317 393246
[136,] 125871 393283
[137,] 126421 393319
[138,] 126968 393352
[139,] 127512 393385
[140,] 128053 393419
[141,] 128591 393453
[142,] 129126 393487
[143,] 129659 393520
[144,] 130189 393553
[145,] 130716 393586
[146,] 131240 393620
[147,] 131761 393652
[148,] 132280 393684
[149,] 132796 393717
[150,] 133309 393748
[151,] 133820 393780
[152,] 134328 393811
[153,] 134833 393842
[154,] 135336 393873
[155,] 135835 393904
[156,] 136332 393935
[157,] 136826 393967
[158,] 137317 393998
[159,] 137805 394030
[160,] 138290 394060
[161,] 138772 394090
[162,] 139252 394119
[163,] 139730 394148
[164,] 140205 394176
[165,] 140678 394203
[166,] 141149 394230
[167,] 141617 394258
[168,] 142083 394284
[169,] 142547 394310
[170,] 143009 394335
[171,] 143468 394359
[172,] 143925 394385
[173,] 144380 394409
[174,] 144832 394432
[175,] 145282 394455
[176,] 145730 394477
[177,] 146176 394499
[178,] 146620 394520
[179,] 147061 394541
[180,] 147500 394561
[181,] 147937 394581
[182,] 148372 394601
[183,] 148804 394620
[184,] 149235 394638
[185,] 149664 394656
[186,] 150091 394673
[187,] 150516 394690
[188,] 150938 394707
[189,] 151358 394723
[190,] 151776 394740
[191,] 152192 394757
[192,] 152606 394773
[193,] 153018 394789
[194,] 153429 394805
[195,] 153838 394821
[196,] 154245 394837
[197,] 154650 394853
[198,] 155053 394869
[199,] 155454 394885
[200,] 155853 394900


$McMpEstERsDefEnh$UCModel
$McMpEstERsDefEnh$UCModel$median
[1] -79974.3

$McMpEstERsDefEnh$UCModel$UCI
   UCI 
397974 

$McMpEstERsDefEnh$UCModel$LCI
    LCI 
-554689 

$McMpEstERsDefEnh$UCModel$halfWidth
   UCI 
476332 

$McMpEstERsDefEnh$UCModel$relativeMargin
    UCI 
5.95606 

$McMpEstERsDefEnh$UCModel$conserFactor
[1] 0.15



$McMpEstERsFDeg
$McMpEstERsFDeg$value
Estimate      LCI      UCI 
  430591   363126   495312 

$McMpEstERsFDeg$MCresults
   [1] 383841 505296 478735 373989 472915 444757 360140 450796 413810 397838 389145 444225 428927 478334 438020 448107
  [17] 454054 404695 456656 412282 420811 474379 373988 446443 408795 468934 433740 414826 417967 392687 440060 463385
  [33] 346708 454442 450861 463270 474986 435837 517541 414030 391404 466486 416306 442370 416764 402119 485291 461154
  [49] 342426 446461 405915 435367 441361 519914 403685 406416 472284 497450 420022 410356 424708 455228 487682 378392
  [65] 396707 373419 433238 382796 390481 397778 444817 453734 473657 413584 410933 484873 419924 436669 473133 492411
  [81] 364823 471119 411425 426631 420314 403763 477762 464884 400925 351611 412457 413799 418674 388029 393651 456972
  [97] 478308 441784 466558 461803 438550 426153 425005 482159 390691 472051 453105 470958 460419 444427 408232 417526
 [113] 436503 432904 354734 349925 417682 406664 371131 374515 378430 442603 415376 341592 472465 394205 434589 340089
 [129] 448888 491451 405233 487122 393698 431221 397705 469746 407530 423033 438976 472869 436838 362470 448420 361526
 [145] 424801 454338 455470 376809 362006 464157 405996 469556 413353 451332 433403 399574 405581 462920 418382 417838
 [161] 392106 440354 395354 392221 413219 456397 392825 455207 385672 442447 409070 436589 473017 476789 485356 463040
 [177] 424381 460471 430149 344011 413428 484918 423489 462028 473661 386717 405719 416877 415253 452753 432902 414749
 [193] 349171 404507 353220 444247 428928 444065 466106 421621 376932 494371 430079 462242 502013 352545 440087 424898
 [209] 411063 385656 419123 481443 436167 446663 435440 404286 419424 387787 428563 436758 392578 411274 454954 456363
 [225] 349581 450127 451248 429209 452885 428194 457950 445400 431764 463860 484701 364278 377317 475983 460191 494799
 [241] 399802 522202 466251 399525 496097 459934 424282 425661 422616 390386 529312 460113 461905 354283 483931 427680
 [257] 480246 396063 417176 460255 407132 412273 470999 416537 442376 504444 470475 464947 455394 405559 477917 437914
 [273] 472321 417149 413002 456574 487125 400790 456036 406061 407338 446959 502688 450934 335931 495073 440066 435170
 [289] 384078 428717 364525 381122 394337 360183 426622 477003 492219 501390 421299 452572 456654 472248 334947 442091
 [305] 408248 440192 411816 507435 414883 392028 483198 396137 381467 416061 423119 452322 386489 345118 431642 426421
 [321] 481066 393358 449927 392134 451222 434768 384962 362989 475953 446963 419700 440544 359691 373379 466949 484628
 [337] 405551 359101 440816 455275 454996 428172 461928 509352 459730 441761 385500 346298 406526 392284 369446 398961
 [353] 510967 452760 384066 361342 389958 473249 462151 413651 480740 385346 415132 391243 471919 446339 464992 346832
 [369] 382708 424955 451704 427900 362405 391733 447248 456480 422257 442336 410136 399908 452427 470968 429206 522542
 [385] 413290 480429 387541 447260 386235 441517 445076 441627 436833 337445 399304 445423 453738 393405 432900 388328
 [401] 453388 371870 368032 355908 427063 410899 485994 478562 350312 376072 397171 388678 444867 447180 399439 436403
 [417] 387703 516910 450209 419480 431861 478176 394439 398010 419881 405638 375642 448273 436273 456238 415146 377260
 [433] 494131 376020 407289 522624 412393 453547 440660 409785 458023 353866 441578 487134 448247 339893 396973 429991
 [449] 465615 420963 432633 386649 405781 417833 441696 535679 395189 385570 431305 456172 403859 422135 437225 390021
 [465] 451691 445205 425513 368032 380050 455378 380571 414226 432097 422651 410554 450745 405992 439422 388706 448461
 [481] 426306 410199 406983 435437 335540 474767 408541 470360 446034 413722 410519 379050 448998 429840 413300 430521
 [497] 415720 360996 455247 447924 422425 501791 401743 446905 391613 362579 428865 421549 401852 429064 469390 481326
 [513] 469138 427465 431225 447469 460880 452286 420112 406267 439996 376544 403093 426270 400091 403997 455974 429869
 [529] 423693 423576 394371 513300 397741 342153 427184 432547 410481 495767 448162 446500 438322 350148 430822 420650
 [545] 359803 473870 440024 432665 464327 500341 340280 429672 445714 476042 380524 485706 399087 370179 349658 475669
 [561] 473771 419574 413966 386768 377093 477018 420440 384000 447955 464621 453185 392698 503816 413387 470129 420733
 [577] 375386 454800 430796 466873 402961 437135 337660 409761 419250 427719 382354 504652 439473 421613 438991 460509
 [593] 498730 490182 408732 400531 457291 468779 445308 478878 446890 387385 452166 427970 472942 396701 399190 394585
 [609] 487449 452557 485636 368843 467873 445560 493896 371024 410353 446354 351907 357683 446611 480995 454141 471507
 [625] 456557 373446 420365 460265 446449 516449 431756 439767 408472 465168 371002 442010 465473 447483 376992 427256
 [641] 443507 464487 418950 371683 468251 395221 450102 360188 378864 447788 414274 390950 444204 353781 425102 397733
 [657] 441470 490664 484678 412464 442543 477424 464946 440575 491930 416435 404416 362381 362512 431845 401039 416448
 [673] 385865 370369 487876 383268 405826 478026 418504 366146 398093 464855 416237 409767 380831 456705 432359 448308
 [689] 401915 405965 466671 485372 460408 415116 402873 406275 419883 402822 433600 434530 473615 421377 482090 363910
 [705] 512200 350813 471304 420441 392929 432163 422098 506240 433363 422703 481865 480310 391622 405956 489046 378826
 [721] 375950 468186 457413 486681 380818 406538 423576 382553 472716 407898 474478 460464 455808 484051 462738 405081
 [737] 437438 408268 453043 475076 472816 448850 484236 417319 431317 406515 400439 379611 456842 455861 439819 472244
 [753] 437867 375486 466823 423195 428316 465790 422034 325254 414669 394506 423004 456182 476142 420011 415782 438718
 [769] 483496 396425 406235 461320 442743 468045 377096 497142 427863 385954 365589 455011 487418 459563 395803 391796
 [785] 431209 427692 421900 464190 432038 476126 522505 401291 453691 432120 484981 477749 399599 427187 427477 385977
 [801] 354337 433251 457804 357598 403494 334876 406492 470919 401820 396133 497784 391027 503460 486002 370020 494641
 [817] 406991 448340 440196 419199 431284 420251 470073 431046 404315 338376 439586 457489 511165 412881 401563 423855
 [833] 482186 477785 426153 435654 360677 362873 327023 370075 418431 409561 403137 395586 448344 404425 367348 417101
 [849] 419205 430126 339278 519439 463912 412320 433904 437576 384241 409928 428010 478416 511111 417136 447307 435351
 [865] 392947 373936 463443 431280 491588 462505 476825 504282 434283 437487 423126 495646 400623 371340 386056 354309
 [881] 429832 433438 395681 441763 377557 432331 427431 464500 417385 406284 411029 396743 398807 414480 426020 486721
 [897] 385041 466278 427991 382938 424389 517439 415748 384139 461268 455281 411011 413643 436535 431469 357242 406774
 [913] 409414 425003 433665 431717 450080 428948 441933 427859 410639 452404 467427 369948 417490 442206 438527 500472
 [929] 393195 395523 453049 403090 470222 517363 438012 459880 475262 476444 494886 379116 488529 445450 386115 409363
 [945] 389116 398959 462449 469673 468270 439068 506599 476609 349937 419542 374827 390498 470695 367872 411975 425532
 [961] 453299 493727 371838 367758 434432 449858 413300 457171 433529 493231 476458 477008 457694 472686 459406 380197
 [977] 375064 416786 520581 456418 452643 440607 459349 389261 488951 428922 490883 408568 435130 441835 509260 438036
 [993] 400266 416338 412000 406252 380112 449756 391156 416175
 [ reached getOption("max.print") -- omitted 132277 entries ]
attr(,"debug")
attr(,"debug")$summary
   Min. 1st Qu.  Median    Mean 3rd Qu.    Max. 
 306938  401219  429659  429536  458149  557084 

attr(,"debug")$total_runs
[1] 133277

attr(,"debug")$samples
         Runs        v
  [1,]      7       NA
  [2,]      8 1428.686
  [3,]   2805 1112.094
  [4,]   5602  914.125
  [5,]   7803  828.859
  [6,]   9848  752.078
  [7,]  11713  691.035
  [8,]  13552  649.144
  [9,]  15308  630.948
 [10,]  16881  602.891
 [11,]  18360  574.701
 [12,]  19931  553.690
 [13,]  21467  532.597
 [14,]  22956  521.955
 [15,]  24352  516.641
 [16,]  25482  510.001
 [17,]  26496  502.669
 [18,]  27577  494.653
 [19,]  28701  494.738
 [20,]  29625  489.620
 [21,]  30371  483.363
 [22,]  31386  475.905
 [23,]  32481  469.538
 [24,]  33585  460.793
 [25,]  34732  452.259
 [26,]  35938  443.158
 [27,]  37160  434.614
 [28,]  38390  426.524
 [29,]  39604  421.143
 [30,]  40743  415.592
 [31,]  41802  409.858
 [32,]  42879  404.302
 [33,]  43962  398.119
 [34,]  45066  392.646
 [35,]  46173  387.207
 [36,]  47259  381.639
 [37,]  48354  376.365
 [38,]  49449  371.608
 [39,]  50518  367.838
 [40,]  51528  363.620
 [41,]  52516  360.150
 [42,]  53493  356.147
 [43,]  54463  352.366
 [44,]  55453  349.132
 [45,]  56406  346.002
 [46,]  57323  343.024
 [47,]  58228  339.978
 [48,]  59131  336.937
 [49,]  60041  334.041
 [50,]  60945  331.050
 [51,]  61849  328.687
 [52,]  62719  327.245
 [53,]  63458  325.864
 [54,]  64076  324.709
 [55,]  64653  322.881
 [56,]  65300  321.513
 [57,]  65974  319.802
 [58,]  66635  318.005
 [59,]  67349  316.657
 [60,]  68023  314.854
 [61,]  68700  313.569
 [62,]  69371  311.825
 [63,]  70036  309.776
 [64,]  70792  307.518
 [65,]  71601  305.354
 [66,]  72424  303.043
 [67,]  73254  300.765
 [68,]  74097  298.520
 [69,]  74937  296.322
 [70,]  75773  294.193
 [71,]  76602  292.115
 [72,]  77422  290.059
 [73,]  78238  288.097
 [74,]  79046  286.138
 [75,]  79847  284.304
 [76,]  80637  282.597
 [77,]  81402  280.844
 [78,]  82160  279.139
 [79,]  82920  277.554
 [80,]  83663  276.030
 [81,]  84386  274.412
 [82,]  85115  272.827
 [83,]  85854  271.188
 [84,]  86598  269.565
 [85,]  87349  267.956
 [86,]  88099  266.390
 [87,]  88844  264.839
 [88,]  89584  263.326
 [89,]  90320  261.909
 [90,]  91040  260.476
 [91,]  91751  259.025
 [92,]  92469  257.599
 [93,]  93188  256.197
 [94,]  93903  254.857
 [95,]  94607  253.499
 [96,]  95307  252.162
 [97,]  96009  250.846
 [98,]  96707  249.569
 [99,]  97398  248.294
[100,]  98084  247.048
[101,]  98767  245.837
[102,]  99442  244.674
[103,] 100105  243.487
[104,] 100766  242.419
[105,] 101413  241.381
[106,] 102034  240.329
[107,] 102654  239.311
[108,] 103271  238.325
[109,] 103877  237.258
[110,] 104495  236.197
[111,] 105129  235.141
[112,] 105763  234.184
[113,] 106378  233.181
[114,] 106984  232.155
[115,] 107605  231.136
[116,] 108232  230.174
[117,] 108848  229.310
[118,] 109433  228.595
[119,] 109961  227.996
[120,] 110417  227.410
[121,] 110833  226.810
[122,] 111250  226.097
[123,] 111709  225.404
[124,] 112196  224.719
[125,] 112676  223.998
[126,] 113166  223.390
[127,] 113635  222.683
[128,] 114101  221.987
[129,] 114594  221.331
[130,] 115073  220.640
[131,] 115552  219.960
[132,] 116039  219.303
[133,] 116517  218.487
[134,] 117036  217.702
[135,] 117589  216.888
[136,] 118143  216.094
[137,] 118701  215.301
[138,] 119255  214.516
[139,] 119808  213.746
[140,] 120356  212.981
[141,] 120901  212.221
[142,] 121445  211.507
[143,] 121976  210.853
[144,] 122479  210.165
[145,] 122976  209.503
[146,] 123476  208.955
[147,] 123934  208.372
[148,] 124366  207.775
[149,] 124816  207.234
[150,] 125253  206.620
[151,] 125697  206.049
[152,] 126152  205.490
[153,] 126589  204.890
[154,] 127037  204.295
[155,] 127499  203.696
[156,] 127961  203.129
[157,] 128415  202.531
[158,] 128870  201.934
[159,] 129336  201.313
[160,] 129811  200.746
[161,] 130277  200.205
[162,] 130717  199.627
[163,] 131162  199.081
[164,] 131609  198.542
[165,] 132043  198.026
[166,] 132468  197.530
[167,] 132877  197.039
[168,] 133277  196.556

attr(,"debug")$lci_samples
         Runs      v
  [1,]      7 364295
  [2,]      8 364641
  [3,]   2805 363929
  [4,]   5602 363372
  [5,]   7803 363191
  [6,]   9848 363074
  [7,]  11713 363006
  [8,]  13552 362951
  [9,]  15308 362907
 [10,]  16881 362871
 [11,]  18360 362849
 [12,]  19931 362833
 [13,]  21467 362832
 [14,]  22956 362820
 [15,]  24352 362808
 [16,]  25482 362792
 [17,]  26496 362782
 [18,]  27577 362773
 [19,]  28701 362759
 [20,]  29625 362745
 [21,]  30371 362734
 [22,]  31386 362727
 [23,]  32481 362721
 [24,]  33585 362724
 [25,]  34732 362728
 [26,]  35938 362736
 [27,]  37160 362749
 [28,]  38390 362758
 [29,]  39604 362773
 [30,]  40743 362788
 [31,]  41802 362802
 [32,]  42879 362814
 [33,]  43962 362824
 [34,]  45066 362835
 [35,]  46173 362844
 [36,]  47259 362854
 [37,]  48354 362861
 [38,]  49449 362869
 [39,]  50518 362874
 [40,]  51528 362879
 [41,]  52516 362883
 [42,]  53493 362887
 [43,]  54463 362892
 [44,]  55453 362896
 [45,]  56406 362900
 [46,]  57323 362903
 [47,]  58228 362906
 [48,]  59131 362911
 [49,]  60041 362914
 [50,]  60945 362918
 [51,]  61849 362921
 [52,]  62719 362923
 [53,]  63458 362924
 [54,]  64076 362926
 [55,]  64653 362928
 [56,]  65300 362930
 [57,]  65974 362931
 [58,]  66635 362933
 [59,]  67349 362934
 [60,]  68023 362935
 [61,]  68700 362936
 [62,]  69371 362938
 [63,]  70036 362939
 [64,]  70792 362941
 [65,]  71601 362943
 [66,]  72424 362945
 [67,]  73254 362946
 [68,]  74097 362949
 [69,]  74937 362952
 [70,]  75773 362954
 [71,]  76602 362957
 [72,]  77422 362961
 [73,]  78238 362964
 [74,]  79046 362968
 [75,]  79847 362972
 [76,]  80637 362976
 [77,]  81402 362979
 [78,]  82160 362983
 [79,]  82920 362986
 [80,]  83663 362990
 [81,]  84386 362993
 [82,]  85115 362996
 [83,]  85854 362999
 [84,]  86598 363002
 [85,]  87349 363005
 [86,]  88099 363007
 [87,]  88844 363010
 [88,]  89584 363012
 [89,]  90320 363014
 [90,]  91040 363016
 [91,]  91751 363018
 [92,]  92469 363020
 [93,]  93188 363021
 [94,]  93903 363023
 [95,]  94607 363024
 [96,]  95307 363026
 [97,]  96009 363028
 [98,]  96707 363030
 [99,]  97398 363031
[100,]  98084 363033
[101,]  98767 363034
[102,]  99442 363036
[103,] 100105 363037
[104,] 100766 363039
[105,] 101413 363040
[106,] 102034 363041
[107,] 102654 363043
[108,] 103271 363044
[109,] 103877 363045
[110,] 104495 363046
[111,] 105129 363047
[112,] 105763 363049
[113,] 106378 363050
[114,] 106984 363051
[115,] 107605 363052
[116,] 108232 363053
[117,] 108848 363054
[118,] 109433 363054
[119,] 109961 363054
[120,] 110417 363054
[121,] 110833 363054
[122,] 111250 363055
[123,] 111709 363055
[124,] 112196 363055
[125,] 112676 363056
[126,] 113166 363057
[127,] 113635 363057
[128,] 114101 363058
[129,] 114594 363058
[130,] 115073 363059
[131,] 115552 363060
[132,] 116039 363060
[133,] 116517 363062
[134,] 117036 363063
[135,] 117589 363064
[136,] 118143 363065
[137,] 118701 363066
[138,] 119255 363067
[139,] 119808 363068
[140,] 120356 363068
[141,] 120901 363069
[142,] 121445 363070
[143,] 121976 363071
[144,] 122479 363071
[145,] 122976 363072
[146,] 123476 363073
[147,] 123934 363073
[148,] 124366 363074
[149,] 124816 363074
[150,] 125253 363075
[151,] 125697 363075
[152,] 126152 363076
[153,] 126589 363076
[154,] 127037 363076
[155,] 127499 363077
[156,] 127961 363077
[157,] 128415 363077
[158,] 128870 363078
[159,] 129336 363078
[160,] 129811 363078
[161,] 130277 363078
[162,] 130717 363078
[163,] 131162 363079
[164,] 131609 363079
[165,] 132043 363079
[166,] 132468 363080
[167,] 132877 363080
[168,] 133277 363080

attr(,"debug")$uci_samples
         Runs      v
  [1,]      7 497328
  [2,]      8 496663
  [3,]   2805 495683
  [4,]   5602 495179
  [5,]   7803 494888
  [6,]   9848 494719
  [7,]  11713 494621
  [8,]  13552 494606
  [9,]  15308 494619
 [10,]  16881 494614
 [11,]  18360 494608
 [12,]  19931 494615
 [13,]  21467 494629
 [14,]  22956 494644
 [15,]  24352 494662
 [16,]  25482 494673
 [17,]  26496 494685
 [18,]  27577 494696
 [19,]  28701 494709
 [20,]  29625 494715
 [21,]  30371 494720
 [22,]  31386 494727
 [23,]  32481 494735
 [24,]  33585 494746
 [25,]  34732 494756
 [26,]  35938 494765
 [27,]  37160 494776
 [28,]  38390 494786
 [29,]  39604 494794
 [30,]  40743 494802
 [31,]  41802 494809
 [32,]  42879 494816
 [33,]  43962 494824
 [34,]  45066 494832
 [35,]  46173 494838
 [36,]  47259 494847
 [37,]  48354 494856
 [38,]  49449 494866
 [39,]  50518 494876
 [40,]  51528 494884
 [41,]  52516 494892
 [42,]  53493 494899
 [43,]  54463 494907
 [44,]  55453 494915
 [45,]  56406 494923
 [46,]  57323 494929
 [47,]  58228 494935
 [48,]  59131 494942
 [49,]  60041 494949
 [50,]  60945 494955
 [51,]  61849 494961
 [52,]  62719 494968
 [53,]  63458 494974
 [54,]  64076 494981
 [55,]  64653 494986
 [56,]  65300 494993
 [57,]  65974 494998
 [58,]  66635 495003
 [59,]  67349 495008
 [60,]  68023 495012
 [61,]  68700 495017
 [62,]  69371 495021
 [63,]  70036 495025
 [64,]  70792 495028
 [65,]  71601 495031
 [66,]  72424 495034
 [67,]  73254 495036
 [68,]  74097 495039
 [69,]  74937 495041
 [70,]  75773 495044
 [71,]  76602 495046
 [72,]  77422 495049
 [73,]  78238 495052
 [74,]  79046 495056
 [75,]  79847 495059
 [76,]  80637 495062
 [77,]  81402 495064
 [78,]  82160 495067
 [79,]  82920 495069
 [80,]  83663 495071
 [81,]  84386 495074
 [82,]  85115 495076
 [83,]  85854 495078
 [84,]  86598 495081
 [85,]  87349 495083
 [86,]  88099 495086
 [87,]  88844 495088
 [88,]  89584 495091
 [89,]  90320 495093
 [90,]  91040 495095
 [91,]  91751 495098
 [92,]  92469 495100
 [93,]  93188 495101
 [94,]  93903 495103
 [95,]  94607 495105
 [96,]  95307 495107
 [97,]  96009 495109
 [98,]  96707 495110
 [99,]  97398 495112
[100,]  98084 495113
[101,]  98767 495114
[102,]  99442 495115
[103,] 100105 495116
[104,] 100766 495117
[105,] 101413 495117
[106,] 102034 495118
[107,] 102654 495119
[108,] 103271 495119
[109,] 103877 495120
[110,] 104495 495121
[111,] 105129 495122
[112,] 105763 495122
[113,] 106378 495123
[114,] 106984 495124
[115,] 107605 495125
[116,] 108232 495126
[117,] 108848 495128
[118,] 109433 495129
[119,] 109961 495130
[120,] 110417 495131
[121,] 110833 495133
[122,] 111250 495134
[123,] 111709 495135
[124,] 112196 495137
[125,] 112676 495138
[126,] 113166 495140
[127,] 113635 495141
[128,] 114101 495143
[129,] 114594 495144
[130,] 115073 495145
[131,] 115552 495147
[132,] 116039 495148
[133,] 116517 495150
[134,] 117036 495151
[135,] 117589 495152
[136,] 118143 495153
[137,] 118701 495154
[138,] 119255 495155
[139,] 119808 495156
[140,] 120356 495157
[141,] 120901 495158
[142,] 121445 495159
[143,] 121976 495160
[144,] 122479 495161
[145,] 122976 495163
[146,] 123476 495164
[147,] 123934 495165
[148,] 124366 495166
[149,] 124816 495167
[150,] 125253 495168
[151,] 125697 495169
[152,] 126152 495170
[153,] 126589 495171
[154,] 127037 495172
[155,] 127499 495173
[156,] 127961 495173
[157,] 128415 495174
[158,] 128870 495175
[159,] 129336 495175
[160,] 129811 495176
[161,] 130277 495176
[162,] 130717 495177
[163,] 131162 495178
[164,] 131609 495178
[165,] 132043 495179
[166,] 132468 495180
[167,] 132877 495181
[168,] 133277 495182


$McMpEstERsFDeg$UCModel
$McMpEstERsFDeg$UCModel$median
[1] 429659

$McMpEstERsFDeg$UCModel$UCI
   UCI 
495312 

$McMpEstERsFDeg$UCModel$LCI
   LCI 
363126 

$McMpEstERsFDeg$UCModel$halfWidth
    UCI 
66092.7 

$McMpEstERsFDeg$UCModel$relativeMargin
     UCI 
0.153826 

$McMpEstERsFDeg$UCModel$conserFactor
[1] 0.15



$ErpaCurrentFRL
[1] -296938

$ErpaCurrentEmRems
[1] -580419

$ErpaCurrentERs
[1] 283481

$ErpaCurrentBalance
[1] 283481

$IsReversal
[1] FALSE

$RpCanceledERs
[1] 0

$RpSetaside
[1] 42522.2

$RpAdjERs
[1] 240959

$RpPotentialERs
[1] 240959

$RpBufferedERs
[1] 38553.5

$RpERs
[1] 202406

