    source_sink estimate_tco2e_yr lci_tco2e_yr uci_tco2e_yr
1         aaeDF        2650382.22   1987568.49   3248409.49
2       aaeFD_L         195316.10    161916.21    228736.98
3     aaeFD_BSW         157487.87     99776.00    223176.63
4      aaeEC_HS         596194.92    508441.42    698390.64
5  aae_Combined        3599381.10   2940109.42   4205676.82
6       aarFD_L         -42361.61    -57728.53    -27754.25
7      aarEC_AR        -377044.21   -538291.36   -238796.53
8      aarEC_HS       -1639123.14  -2003425.12  -1284805.89
9  aar_Combined       -2058528.96  -1677737.63  -2459524.28
10       aaneDF        2650382.22   1987568.49   3248409.49
11       aaneFD         310442.36    242992.18    383361.04
12       aaneEC       -1419972.43  -1802728.91  -1025509.56
13          FRL        1540852.15    740348.83   2264104.68
