              source      est      lci      uci
1     FD_Logging_net 152954.5 116863.9 188489.5
2 FD_Biomass_burning 157487.9  98770.2 219160.8
3           FD_total 310442.4 241686.8 381776.6
  sourceSink gross_emissions gross_removals net_emissions
1         DF           72.32           0.00         63.86
2        FDL            5.24           2.39          3.62
3        FDF            4.22           0.00          3.73
4       FUEL            2.23           0.00          1.97
5       ECAR            0.00          18.49          7.76
6       ECHS           15.99          79.12         19.07
  aa_emissions_tco2e_yr lci_aa_emissions_tco2e_yr uci_aa_emissions_tco2e_yr
1            2696830.64                2048438.97                 3252371.3
2             195316.10                 162062.70                  228393.7
3             157487.87                  98770.20                  219160.8
4              83096.02                  58724.16                  108540.1
5                  0.00                      0.00                       0.0
6             596194.92                 515290.97                  701113.3
7            3728925.54                3076118.24                 4301731.7
  aa_removals_tco2e_yr lci_aa_removals_tco2e_yr uci_aa_removals_tco2e_yr
1                 0.00                     0.00                     0.00
2            -42361.61                -57150.46                -27790.04
3                 0.00                     0.00                     0.00
4                 0.00                     0.00                     0.00
5           -327540.86               -470694.38               -201431.08
6          -1401553.70              -1780948.84              -1066636.53
7          -1771456.18              -1410857.40              -2180071.39
  aa_net_emissions_tco2e_yr lci_aa_net_emissions_tco2e_yr
1                2696830.64                    2048438.97
2                 152954.49                     116863.93
3                 157487.87                      98770.20
4                  83096.02                      58724.16
5                -327540.86                    -470694.38
6                -805358.79                   -1187864.84
7                1957469.36                    1183079.12
  lci_aa_net_emissions_tco2e_yr.1
1                       3252371.3
2                        188489.5
3                        219160.8
4                        108540.1
5                       -201431.1
6                       -444504.4
7                       2631269.9
  sourceSink gross_emissions gross_removals net_emissions
1         DF           73.97           0.00         65.14
2        FDL            5.36           2.39          3.69
3        FDF            4.32           0.00          3.80
4       ECAR            0.00          18.49          7.91
5       ECHS           16.35          79.12         19.45
   aa_emissions_tco2e_yr lci_aa_emissions_tco2e_yr uci_aa_emissions_tco2e_yr
1              2696830.6                 2048439.0                 3252371.3
2               195316.1                  162062.7                  228393.7
3               157487.9                   98770.2                  219160.8
5                    0.0                       0.0                       0.0
6               596194.9                  515291.0                  701113.3
61             3645829.5                 2994113.7                 4219401.2
   aa_removals_tco2e_yr lci_aa_removals_tco2e_yr uci_aa_removals_tco2e_yr
1                  0.00                     0.00                     0.00
2             -42361.61                -57150.46                -27790.04
3                  0.00                     0.00                     0.00
5            -327540.86               -470694.38               -201431.08
6           -1401553.70              -1780948.84              -1066636.53
61          -1771456.18              -1410857.40              -2180071.39
   aa_net_emissions_tco2e_yr lci_aa_net_emissions_tco2e_yr
1                  2696830.6                     2048439.0
2                   152954.5                      116863.9
3                   157487.9                       98770.2
5                  -327540.9                     -470694.4
6                  -805358.8                    -1187864.8
61                 1874373.3                     1101723.7
   lci_aa_net_emissions_tco2e_yr.1
1                        3252371.3
2                         188489.5
3                         219160.8
5                        -201431.1
6                        -444504.4
61                       2548813.3
$rs_fd
              source      est      lci      uci
1     FD_Logging_net 152954.5 116863.9 188489.5
2 FD_Biomass_burning 157487.9  98770.2 219160.8
3           FD_total 310442.4 241686.8 381776.6

$frltab
    source_sink estimate_tco2e_yr lci_tco2e_yr uci_tco2e_yr
1         aaeDF        2696830.64   2048438.97   3252371.26
2       aaeFD_L         195316.10    162062.70    228393.71
3     aaeFD_BSW         157487.87     98770.20    219160.82
4      aaeEC_HS         596194.92    515290.97    701113.27
5  aae_Combined        3645829.52   2994113.69   4219401.24
6       aarFD_L         -42361.61    -57150.46    -27790.04
7      aarEC_AR        -327540.86   -470694.38   -201431.08
8      aarEC_HS       -1401553.70  -1780948.84  -1066636.53
9  aar_Combined       -1771456.18  -1410857.40  -2180071.39
10       aaneDF        2696830.64   2048438.97   3252371.26
11       aaneFD         310442.36    241686.83    381776.61
12       aaneEC       -1132899.65  -1538544.58   -751897.61
13          FRL        1874373.34   1101723.67   2548813.33

$v_aaneec
  [1]  -868273.6 -1018138.3 -1036548.2 -1137472.6 -1148957.7 -1005498.3
  [7] -1115267.8 -1173359.7 -1479621.3  -655204.7 -1450879.3  -943591.8
 [13] -1312765.4  -644677.9  -914160.0 -1370379.9 -1117390.1  -985117.5
 [19] -1087256.1 -1461894.0 -1207058.1 -1193728.6  -619505.8 -1325397.7
 [25]  -828990.1 -1142335.0 -1074898.2  -878658.1 -1393704.2  -973348.7
 [31] -1129658.8 -1101292.2 -1404345.3 -1754081.6 -1339723.4 -1302384.7
 [37] -1226920.6 -1203673.9  -679838.3 -1221389.8  -604482.3 -1076431.5
 [43] -1304615.5  -989689.5 -1197478.2 -1168668.3  -589352.7 -1141244.0
 [49] -1469626.1 -1319456.7  -901746.0 -1337487.6  -987896.5 -1249133.5
 [55]  -972788.3 -1179048.2  -947388.2 -1138442.6 -1034866.6  -927021.3
 [61] -1271818.8 -1329672.2  -931254.7 -1415893.2  -945454.8 -1218537.4
 [67] -1302600.0 -1174530.8 -1591665.9 -1576858.6 -1646934.6  -787166.5
 [73] -1180553.5 -1015157.4 -1105157.1  -980499.6  -933199.4 -1275722.1
 [79] -1556121.3 -1103750.0 -1324964.9  -937386.3 -1083138.5 -1134046.1
 [85] -1160819.1 -1258239.1 -1334302.7 -1074965.8 -1359162.8 -1499021.4
 [91] -1246949.2 -1166306.6 -1560577.3 -1254437.6  -895986.7 -1584022.8
 [97] -1146008.5  -977712.3 -1024697.6 -1337278.5 -1592222.9  -756586.9
[103] -1281911.7 -1227726.1  -763294.7 -1578213.5 -1084300.3 -1383985.0
[109]  -800545.5 -1081329.6 -1274275.7 -1203180.0  -828136.0 -1021544.0
[115] -1620654.2 -1096798.2 -1157006.9 -1343465.9 -1255028.9 -1196000.1
[121]  -754687.1 -1034293.6 -1330556.7 -1387874.1 -1691808.8 -1222654.7
[127] -1182406.3 -1103858.3 -1427001.4 -1159237.7  -865657.4 -1058660.3
[133] -1257723.6  -867365.7 -1130944.7 -1109019.3 -1238582.4 -1130471.9
[139]  -779855.6 -1532161.7 -1349797.1  -876586.8  -909405.0  -887021.9
[145] -1622234.9  -990435.9 -1099302.2 -1222175.1 -1050788.5 -1101000.5
 [ reached getOption("max.print") -- omitted 9850 entries ]

$v_aaefd
  [1] 420285.4 400376.4 437804.8 349962.0 438065.2 412095.4 409791.6 401157.8
  [9] 445315.2 485832.0 373991.5 423353.5 365306.0 391816.6 463116.0 454633.7
 [17] 421694.9 441602.7 458289.4 472142.8 402447.1 466523.8 470350.5 445071.6
 [25] 430609.7 424932.2 391575.4 465520.8 384950.6 413798.2 367094.7 434998.7
 [33] 395218.3 439378.7 479637.1 463596.4 438809.1 497629.3 502472.0 498220.4
 [41] 464558.2 500979.7 473290.1 447836.1 462484.3 520332.5 400635.4 465662.9
 [49] 383177.4 445436.7 428809.5 407890.0 386330.5 364434.3 384709.5 419417.2
 [57] 433931.8 415354.1 514150.4 462650.4 343236.9 435796.1 443080.1 395927.3
 [65] 415651.6 394317.0 453811.2 368889.0 418193.7 453273.3 461447.0 419700.8
 [73] 438369.2 409680.3 460964.0 475457.7 422772.1 434255.3 432713.3 480062.7
 [81] 430358.5 451504.5 396354.3 429953.1 435485.8 567468.2 425677.0 458277.8
 [89] 389545.9 405431.0 406440.0 395320.3 435440.7 395085.7 445347.7 467488.4
 [97] 474943.7 379048.5 434352.3 424534.3 343941.7 472781.3 456162.9 521357.8
[105] 466782.9 403385.7 450635.9 417658.2 394052.4 431860.2 441670.9 459925.1
[113] 351375.9 418962.4 425897.0 450427.0 494084.9 529944.1 453498.4 464733.7
[121] 394925.3 429549.1 371715.4 466629.4 383512.2 477877.4 391919.1 439848.5
[129] 472766.5 415268.6 423429.2 420075.9 354524.0 337849.3 434959.8 488439.7
[137] 444013.5 428403.9 420079.4 522048.1 406707.1 415935.3 411575.5 379946.1
[145] 380583.7 412050.1 434909.5 425311.7 379637.7 411481.8
 [ reached getOption("max.print") -- omitted 9850 entries ]

$v_aarfd
  [1] 49070.29 59931.70 57393.62 53693.90 36507.45 29935.45 28474.01 41351.42
  [9] 30300.23 48339.39 53207.99 57409.20 26712.35 37043.96 41329.29 36800.07
 [17] 37603.61 50198.45 35841.00 38553.87 42261.23 38573.43 55435.25 39220.92
 [25] 54288.30 42678.74 35311.42 44149.34 36858.77 25077.42 30896.09 39348.95
 [33] 54684.49 43476.81 45404.95 49456.31 43906.72 41037.34 49085.75 45721.47
 [41] 52512.40 29119.07 36905.54 38210.31 37435.28 30513.94 44272.29 28027.76
 [49] 53779.96 30147.37 43224.52 33566.29 38298.83 44968.09 45091.37 58703.08
 [57] 33234.59 46128.16 53655.10 50351.22 38895.59 39445.22 39733.34 43745.96
 [65] 24489.78 44806.96 55110.19 40375.47 50711.07 41263.03 48028.01 30719.88
 [73] 51726.99 32402.54 52087.84 46467.10 37180.60 44246.33 43194.83 41252.39
 [81] 31377.23 31013.68 43548.59 43208.85 36644.25 46513.44 38038.42 59374.76
 [89] 43366.55 49313.75 23002.37 44065.11 34483.19 59414.78 42304.80 32761.48
 [97] 39006.30 42263.44 46579.71 46270.95 31898.03 59279.97 35406.58 39113.78
[105] 36663.04 50478.16 38990.56 43845.16 58778.55 33873.61 47642.32 29332.16
[113] 26700.12 36022.41 29775.05 49897.50 38524.97 44536.33 48270.94 40967.04
[121] 44851.99 60123.29 52803.01 56645.60 40396.30 43949.73 31501.27 43860.75
[129] 56904.20 44996.39 37258.30 45450.74 56275.26 50231.30 35694.62 38944.37
[137] 46431.89 31376.58 42497.11 27704.97 34750.83 41226.47 40976.73 53029.26
[145] 58321.22 34498.58 49907.85 48931.53 35608.46 40937.11
 [ reached getOption("max.print") -- omitted 9850 entries ]

$v_aanefd
  [1] 294221.7 264620.7 299716.3 219269.5 331464.5 327220.1 300616.1 283515.6
  [9] 349836.3 350275.6 241020.7 279715.4 240891.3 270906.2 333073.2 330841.3
 [17] 331170.7 307202.3 339548.2 354697.6 253860.3 342614.9 313432.4 318963.6
 [25] 307775.0 288294.5 293681.0 317503.8 292690.0 336644.3 273319.9 332425.4
 [33] 254412.8 302363.3 360705.9 335372.3 318455.6 336536.3 352080.7 355047.2
 [41] 314349.1 369075.6 346372.2 329008.8 309139.9 410108.5 290911.3 333317.1
 [49] 234618.1 348169.9 293168.4 301028.2 266741.2 232525.2 262806.9 289281.6
 [57] 320286.2 293594.4 375549.8 323843.8 235608.6 286217.0 341248.2 296034.9
 [65] 296681.3 272759.3 317595.4 251424.3 305134.7 338321.0 325914.3 307373.7
 [73] 298453.9 285647.9 337600.6 358075.8 272675.3 306062.6 323414.8 339837.7
 [81] 312013.4 333567.8 248003.3 318443.0 320718.8 425133.1 302367.5 317925.5
 [89] 276923.7 283905.3 265549.0 289318.3 306574.7 254352.3 335091.0 342240.3
 [97] 370064.3 256333.8 294718.1 301385.4 235648.1 310052.2 335647.1 381339.4
[105] 340246.1 257555.1 304782.6 272505.2 243175.5 316321.4 288601.6 360271.5
[113] 252022.4 319706.4 305093.3 315073.3 357146.3 379265.9 319555.4 309496.0
[121] 279142.0 306185.8 243119.3 309100.1 277652.8 339535.4 301348.7 316143.6
[129] 340463.1 291668.8 295972.5 310118.9 225158.8 217747.9 313939.1 391233.1
[137] 313021.1 333279.9 299554.3 381063.0 287246.0 281799.8 309212.5 275429.9
[145] 234764.9 300020.6 295497.6 300159.2 242811.7 285380.3
 [ reached getOption("max.print") -- omitted 9850 entries ]

$frl
$frl$aa_emissions_tco2e_yr
[1] 2696830.6  195316.1  157487.9       0.0  596194.9

$frl$v_aa_emissions_tco2e_yr
  [1] 3812894 3168394 3752398 3230701 4176007 4912674 3326631 4179322 3099811
 [10] 3523884 3295627 3296972 3971800 3427522 2888117 3670466 4459929 3668997
 [19] 3700881 4103498 3587641 3464077 3703762 3885040 3548259 3713059 4271485
 [28] 3355924 3871122 4076329 3510418 3709934 3742481 4155025 3568857 3265024
 [37] 3360341 3894020 4131922 3980628 3907462 3437222 3737887 3140339 2914864
 [46] 4105408 4032897 3899401 4006624 3360972 3419021 3218917 3357745 3272458
 [55] 3307081 4184848 4264725 2885192 4203039 3474938 4049641 3521092 3692957
 [64] 4288609 3832090 3778875 2906384 3629137 3322197 2826578 3708020 3307966
 [73] 3364863 3806638 4206851 3204714 3289129 3654231 3847397 3912891 3697092
 [82] 3544897 3782548 3816913 3648989 3759533 3275400 3511947 3871537 4311976
 [91] 3841622 3509296 3101886 3761497 3264028 3929282 3280254 3440156 4051125
[100] 3739518 3350443 3782163 3481394 3924499 3804466 3295307 3399793 3608415
[109] 4136023 3365368 3176695 3956097 4102019 3511584 3401376 3766076 3149738
[118] 3336913 3485393 3532009 3987865 3743949 3702767 3800971 3560565 3732837
[127] 3465967 3536400 3620920 3535193 4112835 3755387 4024884 3803916 3465110
[136] 3469383 3035722 4102609 3741789 4167296 3426850 3350013 3643324 3992147
[145] 3291421 3970816 3638496 3230120 3870015 3367958
 [ reached getOption("max.print") -- omitted 9850 entries ]

$frl$aa_removals_tco2e_yr
[1]        0.00   -42361.61        0.00  -327540.86 -1401553.70

$frl$v_aa_removals_tco2e_yr
  [1] -1551484 -1611460 -1679312 -1889197 -1762872 -1557466 -1755129 -1829047
  [9] -2086785 -1361825 -2123512 -1643730 -1966606 -1406909 -1485318 -2069709
 [17] -1778095 -1655192 -1724444 -2133310 -1823583 -1853016 -1293408 -1994628
 [25] -1642237 -1731875 -1752013 -1520852 -2084884 -1514030 -1845773 -1798683
 [33] -2132071 -2483129 -1946563 -1855447 -1866336 -1779489 -1366675 -1916304
 [41] -1286948 -1728815 -1999270 -1633897 -1862779 -1802907 -1387596 -1744333
 [49] -2077373 -1855025 -1587974 -1965869 -1654397 -1880072 -1605811 -1903446
 [57] -1522434 -1777236 -1706220 -1629402 -1852139 -1990320 -1498301 -2010645
 [65] -1531932 -1896713 -1903355 -1779911 -2190732 -2178798 -2265799 -1470864
 [73] -1841008 -1711522 -1715844 -1661997 -1526462 -1947337 -2210127 -1798999
 [81] -1932026 -1527177 -1730444 -1805976 -1827154 -1984765 -1901725 -1671785
 [89] -2109930 -2183387 -1825268 -1845748 -2122295 -1868101 -1508395 -2248287
 [97] -1743986 -1564425 -1631979 -1960859 -2269389 -1474168 -1874415 -1838072
[105] -1425193 -2238812 -1689751 -1948510 -1395054 -1682973 -1970125 -1877546
[113] -1537692 -1683509 -2302031 -1737744 -1839331 -1945998 -1889411 -1728576
[121] -1420549 -1621143 -1961863 -2044787 -2357109 -1857529 -1891070 -1659329
[129] -2018131 -1776400 -1522849 -1743564 -1895580 -1568029 -1678452 -1717902
[137] -1932451 -1764945 -1502114 -2114115 -1910643 -1451657 -1648013 -1523518
[145] -2306056 -1649571 -1706495 -1847782 -1680035 -1784332
 [ reached getOption("max.print") -- omitted 9850 entries ]

$frl$aa_net_emissions_tco2e_yr
[1] 2696830.6  152954.5  157487.9 -327540.9 -805358.8

$frl$v_aa_net_emissions_tco2e_yr
  [1] 2261410.8 1556934.1 2073085.9 1341504.4 2413135.1 3355208.1 1571501.7
  [8] 2350275.4 1013025.3 2162058.7 1172115.6 1653241.2 2005194.1 2020613.3
 [15] 1402798.3 1600757.1 2681833.4 2013805.6 1976437.1 1970187.5 1764058.2
 [22] 1611061.3 2410353.7 1890411.8 1906021.3 1981184.2 2519471.5 1835071.7
 [29] 1786238.4 2562299.5 1664645.6 1911251.5 1610409.6 1671896.3 1622294.1
 [36] 1409576.7 1494005.2 2114531.0 2765246.8 2064323.9 2620514.4 1708407.6
 [43] 1738617.6 1506441.8 1052084.3 2302500.7 2645300.9 2155068.0 1929250.8
 [50] 1505946.6 1831046.3 1253048.6 1703348.5 1392385.4 1701270.3 2281402.4
 [57] 2742291.5 1107956.1 2496818.8 1845536.0 2197501.5 1530771.0 2194656.2
 [64] 2277963.6 2300157.2 1882162.4 1003029.2 1849226.3 1131465.3  647779.5
 [71] 1442221.2 1837102.4 1523854.7 2095115.9 2491007.2 1542716.9 1762666.7
 [78] 1706893.3 1637270.6 2113892.2 1765066.4 2017720.4 2052104.6 2010936.5
 [85] 1821835.4 1774767.4 1373675.3 1840162.1 1761607.3 2128588.1 2016354.7
 [92] 1663548.4  979590.8 1893395.7 1755632.3 1680995.2 1536267.9 1875730.5
 [99] 2419146.4 1778658.7 1081054.4 2307995.0 1606979.3 2086427.0 2379273.0
[106] 1056495.7 1710041.5 1659904.7 2740968.9 1682394.8 1206570.0 2078550.4
[113] 2564327.1 1828075.7 1099344.8 2028332.2 1310407.3 1390915.0 1595981.4
[120] 1803433.2 2567316.0 2122806.7 1740903.9 1756183.7 1203455.2 1875307.7
[127] 1574896.7 1877071.1 1602788.8 1758792.8 2589986.5 2011822.3 2129304.1
[134] 2235886.7 1786658.8 1751480.8 1103270.9 2337663.7 2239674.8 2053180.9
[141] 1516207.1 1898355.8 1995311.0 2468629.1  985364.8 2321245.3 1932000.7
[148] 1382338.3 2189979.7 1583625.4
 [ reached getOption("max.print") -- omitted 9850 entries ]

$frl$lci_aa_emissions_tco2e_yr
     5% 
2994114 

$frl$uci_aa_emissions_tco2e_yr
    95% 
4219401 

$frl$uci_aa_removals_tco2e_yr
     95% 
-1410857 

$frl$lci_aa_removals_tco2e_yr
      5% 
-2180071 

$frl$lci_aa_net_emissions_tco2e_yr
     5% 
1101724 

$frl$uci_aa_net_emissions_tco2e_yr
    95% 
2548813 


R version 4.1.1 (2021-08-10)
Platform: x86_64-pc-linux-gnu (64-bit)
Running under: Debian GNU/Linux bookworm/sid

Matrix products: default
BLAS:   /usr/lib/x86_64-linux-gnu/openblas-pthread/libblas.so.3
LAPACK: /usr/lib/x86_64-linux-gnu/openblas-pthread/libopenblasp-r0.3.17.so

locale:
 [1] LC_CTYPE=en_US.UTF-8       LC_NUMERIC=C              
 [3] LC_TIME=en_US.UTF-8        LC_COLLATE=en_US.UTF-8    
 [5] LC_MONETARY=en_US.UTF-8    LC_MESSAGES=en_US.UTF-8   
 [7] LC_PAPER=en_US.UTF-8       LC_NAME=C                 
 [9] LC_ADDRESS=C               LC_TELEPHONE=C            
[11] LC_MEASUREMENT=en_US.UTF-8 LC_IDENTIFICATION=C       

attached base packages:
 [1] splines   stats4    grid      stats     graphics  grDevices utils    
 [8] datasets  methods   base     

other attached packages:
 [1] microbenchmark_1.4-7            FijiNFMSCalculations_0.0.0.9001
 [3] MonteCarloUtils_0.0.0.9000      ValueWithUncertainty_0.0.0.9000
 [5] VGAM_1.1-5                      survey_4.1-1                   
 [7] survival_3.2-10                 Matrix_1.3-2                   
 [9] data.table_1.14.0               nlme_3.1-153                   

loaded via a namespace (and not attached):
[1] lattice_0.20-41 DBI_1.1.1       magrittr_2.0.1  compiler_4.1.1 
[5] mitools_2.4    
