[1] "Running Accuracy Assessment and generating adjusted areas...."
[1] "Sat Sep 25 04:44:42 2021"
[1] "Sat Sep 25 04:44:47 2021"
[1] "Execution time: "
Time difference of 5.29058 secs
$areaLoss
[1] 9999.0613  283.5518

$MCaadeforL
   [1] 10044.019 12018.903  9632.625  9689.215 10932.261 11290.442  9242.036
   [8] 10321.723 10645.680  7830.190  8627.472  9957.735 10336.687  7872.071
  [15] 10515.237 12349.963  7880.101  8830.953  8568.482  9512.276  9108.823
  [22] 13260.673 10494.268  9434.797 12547.274 11998.099  9897.995 10459.435
  [29]  9273.173 10211.992 10788.447  9661.635 10314.820  9880.081  9244.512
  [36] 12120.106 10458.507 11259.823  9399.328 10631.227  9539.779  8915.671
  [43] 11008.503 12459.575 10699.833 11528.796 10116.331 10930.842  9469.279
  [50] 11384.734 11344.709  9717.119 10754.860 13222.969  9687.060 10919.389
  [57]  9008.897  7803.735  9182.805  9719.211 12612.580 10638.229 13438.951
  [64]  8522.046  6555.141  9899.828  9825.791 10231.643  9190.954 11408.427
  [71]  8361.760  9102.812 10223.363 10220.693 10458.074 10781.331  9174.175
  [78] 10507.904  8369.271 10516.893 12755.917  9497.471 10321.431  8116.111
  [85] 10756.341  9708.877 12079.646 10647.351  9318.878 12425.842  9522.259
  [92] 10333.988 12204.652  9904.525 11162.616 10358.368 10981.992  8969.932
  [99]  8407.484 12020.319  9587.285  8217.962  8687.329 10210.255 10406.632
 [106] 10338.969 10752.688  9639.028 11944.432  7814.231 10237.154 10323.292
 [113]  8814.977  8736.073  9328.176 12378.174  8815.300  9553.578 10753.295
 [120] 10232.441  9658.693  9322.497 10653.250 10335.016  9211.131  9823.375
 [127]  9651.104  9231.770 10073.590 10985.408 10010.282 10203.851  9316.394
 [134]  9349.700  8790.159  9215.359 10142.744 10269.580  9114.836  9358.134
 [141] 10658.707  9513.013  8545.265  9759.953  8136.347 10363.074 10167.515
 [148] 10927.078 10569.323 11204.560 10704.510 11971.158  9287.453 10841.312
 [155]  8819.874 10134.914  9092.811  9049.823  7486.328  7524.895 12806.706
 [162] 10663.255 11748.055 10632.611 10675.578  7780.684  9027.097 13178.764
 [169]  8989.660 10569.384  9458.369 10245.194  8010.963  9085.836 10969.153
 [176] 10629.672 13163.962  9243.304 10453.585  9148.658 11010.889 13047.547
 [183] 10888.838  8857.880 10660.442  9545.153 10971.068  9472.057  8488.857
 [190]  8960.040  9176.492 11885.732 13026.376 11215.536  9542.774 10130.995
 [197]  9038.038  9823.753  8632.314 10223.033 10550.808  8895.838  9184.379
 [204] 10338.845  8358.341 10348.371 10356.949 10301.497 10370.326 11081.914
 [211] 10044.505  9726.821  9832.344  8906.574 13399.154  8936.759  7897.844
 [218]  8261.287  9700.786 10123.184  9569.308  8184.125 10852.258  8426.975
 [225] 10097.865  8475.372  9776.105  7097.353 10159.305  8174.070  9549.401
 [232] 10532.629 11310.813 10657.546  9594.066 11005.610  9793.151  9830.111
 [239]  9259.356  9397.587  8333.100  8821.391  7776.253  9363.151 11576.975
 [246]  8838.035  9200.060  8581.874 11513.428  8113.413  7652.296  9341.012
 [253] 10101.741  7650.859  9947.724 10216.976 13301.970  9630.112 10228.383
 [260]  9455.221 10069.666 10196.267 10611.742  8695.450  9931.702 11284.086
 [267]  9336.724 10250.752 12611.094 11129.851  9292.122  9899.938 11193.349
 [274] 10178.068  9118.265  8656.621  9277.429 11000.214 10785.255  9972.996
 [281]  8979.524  9320.903  9200.011  9604.104 11146.518  9848.806  7662.365
 [288]  8585.108  7843.382 11152.039  9901.615  8597.651 10691.847  9990.913
 [295] 11682.201 10671.597 11654.913  7597.671 10743.120 10908.614 10369.434
 [302]  9480.868 10351.962 12257.492 11945.739 10190.696 10155.569  8734.627
 [309]  9634.454  9983.645  8638.495  9158.309  9747.712 10583.096 10673.654
 [316] 10437.058  9873.247 10449.728  8740.898  8760.523  9545.194 11487.536
 [323] 10172.175 11777.739 10430.374 10927.615 10542.890  9074.002 10884.123
 [330]  8336.729  9696.849  8961.044  8768.126  8423.203 12114.648  7125.804
 [337] 10136.387 11240.066  8102.535  9820.322 12365.477 12275.376 13499.239
 [344] 10390.248  9000.188  9018.290 10737.130  9554.345 10508.404 10287.225
 [351] 11701.832 10342.468 10785.157  9878.433  8957.295  9142.284  9177.477
 [358] 10426.817  9488.229  8842.874 13303.770  9658.201 10695.466 10996.183
 [365]  9075.380  9895.021 12847.646 10478.160 10466.521 10303.105 10599.280
 [372]  8524.258  9358.258  9816.636  7937.227  9919.296  7966.021 11291.052
 [379] 10663.206  7861.348  8810.675 11663.314 10745.080  7887.377  8030.420
 [386]  7400.427 11977.908 11179.732  8597.714 10749.690 10436.404 10632.397
 [393] 11817.064 10900.971  9447.981  8441.126  8363.098 11440.171  9944.262
 [400]  7370.882  8320.575 10725.726  9189.135 10161.652 12441.388 11174.058
 [407] 11575.343  9469.812 10617.298  8894.407  9257.331 12788.905  9502.188
 [414]  9650.843 10197.005 10953.773 11502.392 10724.154  8287.692 11665.602
 [421] 11378.124  9750.013  7293.558 11449.406  9932.773  9896.958  8512.619
 [428]  9499.685  9247.679 10547.949  9612.334 11419.412  9204.192  9873.308
 [435] 10211.009  9871.838 10443.449 10713.294 10233.170 11541.439  9252.411
 [442] 10230.070  9125.941  7989.139 10391.292  9564.839  8216.978  9535.417
 [449] 10562.365  8714.024 11236.908 11811.862  8259.330 10883.221 11245.089
 [456]  9538.054  9776.128  9630.076 10766.467 11031.197 10875.214  9108.895
 [463]  7788.670  9772.198  8811.124  9896.611  9382.735 11028.340  9480.252
 [470] 10337.095 11462.427  9756.653  8452.965 10206.314 12113.716  9929.277
 [477] 11950.046 10155.972  9158.464 10817.066  9986.263 14038.601 10324.607
 [484]  9717.923  9501.102 10658.094  9305.298  9356.991 10102.736  8915.026
 [491]  8950.710 12488.772  9510.889  9585.200 13481.089 11146.108 12017.708
 [498]  9707.288  9082.535 10082.752 10525.282 10801.148  9979.240 11253.844
 [505] 10448.914  9605.427 10666.647 11977.191  8467.580 10028.018  9592.373
 [512]  9874.065 12579.766 11469.013  8390.600 10447.295  9227.318 10628.199
 [519]  8892.930 10534.271 13052.775 10203.090  9786.779  8570.762  9896.528
 [526]  9273.174  9463.025 10612.672 10428.996 10437.057  8075.844  9638.870
 [533]  8717.508  9858.818 10308.464  9685.455 10849.466 10515.267 10739.597
 [540]  9773.392  8640.970 11523.193 11926.746 12239.550  9577.324  8684.014
 [547] 11425.215 10080.029 10113.640  9760.877 11101.410 10512.694  9843.385
 [554]  9861.488 10313.511  9731.614  8217.714 10970.097  9745.294 10971.540
 [561] 10498.818  8913.055 10511.084 12996.623  8587.808 10681.751  9915.103
 [568] 10285.312 11597.613 10765.566  9969.815  9910.531  9571.798 10211.023
 [575]  9590.609  9205.699 10059.593  9726.626 10565.242 11841.434 14757.726
 [582]  9837.877  8674.693  9151.937 10762.093 10920.266 12001.361 11065.835
 [589] 10952.330  7841.435  9574.997  8688.602  9975.434  9745.968  9767.183
 [596] 10384.389  9182.033 10398.669  7834.525  9124.675  9728.527  9158.025
 [603]  8882.919 10057.697  9430.906 10440.893  8888.703 10005.350 10955.868
 [610] 10899.212 10891.905  8926.148  8878.139  7957.493 11503.609 10126.285
 [617]  8327.212 10165.852 13040.612  9578.369  9617.185 10863.999  8828.337
 [624]  9727.482  9232.475  9513.685 12253.584  8722.377  8879.353  9461.500
 [631]  9109.233 10452.154  9903.923  8895.885  9475.035 11422.534 11648.121
 [638]  8893.526 12459.825  9157.879 10889.793 11202.426 11867.010 11632.767
 [645]  7742.297 10302.144  7841.502  9398.889  9617.440  8753.751 11010.418
 [652] 10741.787 10432.320 10059.495 11249.687 11021.397  9034.557  9937.982
 [659]  9593.268  9224.321 11847.980  9291.892 10152.403  9637.494  9800.853
 [666]  9231.340 10198.903 10335.431  9681.240 10958.347  8435.560 12816.258
 [673]  9160.813  7858.368  8357.714 10892.366 11393.983  9376.931  9290.284
 [680]  9572.667  9756.477 10953.563  8500.865 11553.525  7280.252 10495.426
 [687]  9749.814  9593.406 10269.879 11325.283  9449.446  9497.665  9406.852
 [694]  9407.061  9638.912  8089.962  8814.132 10955.376 11049.282  8321.466
 [701]  8601.356  8165.264 10087.768  8729.423 10847.429  9132.648  8748.362
 [708]  8933.516  8718.201  9854.135  8919.560  9948.835  9885.088  8615.400
 [715] 10065.920  7776.935  9870.351 11135.076  7537.254  9867.167  9925.121
 [722] 11102.550  8818.878  9016.278 10556.931 11921.839  9867.945 11610.343
 [729]  7147.553 10757.760  8893.256  9876.870  9836.110  8504.488 10703.363
 [736]  6057.344 11337.412 11876.745 10723.336 10581.172 10645.675  8938.685
 [743]  8978.247  9581.612 12300.254  8144.597 10982.637 10293.347 10979.996
 [750]  8375.577  9919.581 10782.286  9879.597 10559.414  9207.374 10119.894
 [757]  8422.743 11188.208  8915.593 10947.023  9380.830  9450.466 10180.687
 [764] 12105.396  9372.964  9585.333  9601.099  8080.654  8744.791  9028.541
 [771] 10551.343 11030.548 10053.401 11005.224  9219.823  9048.949  8826.700
 [778]  8913.714 12292.128  8919.591  9509.478  9625.268  8608.232 10524.788
 [785] 11994.980  9559.893 10326.001 10066.761  8252.597  8739.978  9040.192
 [792] 10423.226  7890.399  8961.253  9077.933  8961.090  9000.998 12602.132
 [799]  9882.847 10321.221  8851.055  9452.224  9445.603  7682.667 10035.865
 [806]  8318.509 11086.429  8956.154 10137.607 10422.612 10035.181 10089.753
 [813]  8920.200 11136.803  9682.055  9393.675  9962.091  8831.632  9886.745
 [820] 11987.060  9670.428 10154.633 10438.785 11110.851  8690.491  9096.782
 [827] 10393.844  8710.116  8104.446  9951.606 12108.859 11381.420  9722.216
 [834] 10437.396  8845.551  9989.948 10094.743  8743.890 10634.000  7910.708
 [841] 13623.617 11238.113 10184.623 11154.164 11416.436 11857.624  9343.784
 [848]  6883.005  8641.424 10639.755  9713.996 11428.784 11153.424  8973.744
 [855] 10295.218  8252.808  8233.641  9123.799  8914.295  9492.136  9974.703
 [862] 12855.612 10299.974 11364.137  9589.306 10647.057  8935.880  8558.278
 [869]  8167.656  7543.507 11159.335  9637.275  8726.310 12367.196 11034.623
 [876]  8662.713  9383.577  8699.709 10642.631  9112.710 11131.038 10497.206
 [883]  8488.500  9434.560  9686.884  9050.329  9787.367 11350.529  9797.497
 [890] 12106.540 11203.774 10636.057 10924.175  8827.971  9841.234  9904.345
 [897] 10383.622 10762.873 10775.562 11982.691  8753.047 10793.726  9093.541
 [904]  8781.077 10975.614 10049.903 10824.302  9513.711 10198.904 11596.601
 [911]  9007.634 11777.573 10191.707 11758.475 10195.232 10860.126  8680.070
 [918] 10621.430 10352.364  7941.377 10307.010 11634.990 10139.430 10244.698
 [925]  9153.555  8762.511  9978.178  9365.106  9480.423 11497.107  8709.781
 [932] 11365.345  8952.487 11249.546  9830.012  9857.324 10661.678 11834.645
 [939]  8920.424  8007.816  9872.227 10538.739  9113.890 10954.138 10079.328
 [946]  8000.159 11416.855 11741.386  7968.764  8714.595  7819.158  9036.363
 [953]  8944.832  9889.553  9119.428  9886.453  7108.584 11323.341  8832.111
 [960]  9762.317  8785.476  9141.239 10797.495 11202.198  9226.979 10738.695
 [967] 11830.248 12569.412  7459.378 10127.075  8753.080 11881.177  9812.537
 [974] 10357.222  8963.927 10591.695 10010.487  9718.231  9051.976  9708.500
 [981]  9054.767 10690.815 10063.831 10003.522  9504.489  9469.088  8776.330
 [988] 10027.590 11930.726 11127.684  9905.089  8453.488 10822.688  9891.025
 [995] 10702.038  9027.542 11684.050  9635.458  9398.314 11129.090

$MCaadeforU
   [1] 370.81773 486.33539 391.41232 392.28996 300.23332 364.65543 205.52941
   [8] 162.14119 314.97613 247.15789 205.21444 156.24374 380.89314 436.83054
  [15] 451.26284 306.66046 234.87897 208.65623 292.53045 370.77206 274.30841
  [22] 234.83330 221.89591 276.77675 454.34398 450.28939 325.76014 394.17849
  [29] 288.88217 240.38280 197.87222 307.93619 338.07205 293.97522 554.54725
  [36] 193.86330 278.93013 228.67101 266.87038 312.50778 158.39711 218.24763
  [43] 408.35863 530.78017 253.93299 468.77182 251.77961 367.69091 291.20905
  [50] 213.01311 191.44508 416.04881 296.48924 149.15367 130.05398 322.41415
  [57] 156.59170  89.96608 454.24818 515.90412 294.89854 121.73831 202.49394
  [64] 370.77206 122.00316 230.21158 155.92877 191.70992 128.77825 272.15503
  [71] 421.03118 268.46108 677.45281  70.86639 379.35257 220.71598 283.59752
  [78] 459.79768 539.62553 247.15789 385.81715 263.83936 330.72982 180.92591
  [85] 196.06680 358.71231 158.39711 547.94566 282.35923 112.75971 415.70085
  [92] 353.21294 234.22050 202.49394 258.55471 119.58494 350.39664 422.57175
  [99] 264.45216 334.42377 150.08144 537.20731 328.92441 336.89212 295.51580
 [106] 247.15789 110.34150 823.24781 209.93196 118.65717 136.21628 267.53331
 [113] 139.24730 114.30029 234.92910 372.57747 171.99743 343.40237 304.80491
 [120] 308.54899 244.78535 264.49783 331.29695 360.91581 313.17071 229.59878
 [127] 218.20196 328.92441 168.91629 314.09848 390.62601 320.87358 453.77685
 [134] 183.96138 440.78933 140.52303 516.56705 292.57612 126.36004 366.41518
 [141] 472.73507  77.02869 305.46784 293.40809 215.43133 274.26274 560.00095
 [148] 556.87413 229.59878 261.63586 232.99044 276.77675 302.65154 208.95852
 [155] 339.61262 371.03690 461.11908 329.28505 297.98414 174.15081 107.52519
 [162] 254.90643 132.52233 251.77961 331.90975 371.03690 290.32695 378.82288
 [169] 468.77182 159.93769 237.34732 443.55997 183.39425 475.59705 100.75010
 [176]  93.04723 179.33966 167.64056 152.89775 528.18304 324.00040 349.56467
 [183] 121.73831 277.65440 198.48502 223.13420 167.37571 134.67571 338.82632
 [190] 279.49726 269.07388 183.39425 504.50730 261.37102 291.25472 319.01803
 [197] 485.40762 132.52233 430.93309 417.95003 166.71278 356.60460 172.26228
 [204] 194.12814 443.82481 165.17221 545.52298 300.13752 348.85606 270.87930
 [211] 319.94581 255.20872  88.42551 481.14654 367.12378 339.61262 170.45686
 [218]  76.10092 427.63277 108.13799 310.65669 336.53147 236.37388 136.21628
 [225] 367.95575 397.57461 414.16028 239.19018 299.57039 433.96857 318.30943
 [232] 137.14405 190.12368 178.77253 231.13935 387.05544 270.56433 280.73554
 [239] 358.49314 129.44118 288.17357 369.23148 391.97944 225.02273 346.70269
 [246] 120.19774 304.14644 102.29067 130.98176 231.75216 286.67867 219.17541
 [253] 177.18629 237.25152 333.54613 322.98128 150.42940 427.80627 153.77539
 [260] 442.01939 234.83330 433.96857 138.68463 151.35717 203.37158 424.06219
 [267] 490.64214 312.24294 286.63300 375.17461 278.09816 246.59076 210.54477
 [274] 535.88591 471.80730 239.19018 343.62154 257.01414 428.37340 282.57841
 [281] 214.45789 344.84714 288.88217 162.14119 287.90873 225.28757 328.48065
 [288] 421.59830 382.43372 240.38280 439.91169 111.88207 499.00794 303.21867
 [295] 145.45972 239.45502 195.71884 568.97955 148.54087 448.44653 149.15367
 [302] 364.65543 229.86362 204.33680 392.95289 334.99090 548.33929 233.38853
 [309] 288.74070 283.55185 168.30349 327.91352 358.09951 147.92807 271.58790
 [316] 674.63651 118.65717 185.54763 164.55941 514.36355 289.71414 248.69847
 [323] 274.57325 252.39242 310.92153 326.15377 232.67993 274.30841 222.86936
 [330] 408.70659 265.32981 307.05409 134.06290 137.75685 171.33451 204.64731
 [337] 205.57509 216.70706 167.37571 215.16649 433.74940 162.14119 246.89305
 [344] 293.45376 249.97420 140.22520 298.02981 466.61845 267.84383 250.23904
 [351] 183.74221 466.61845 259.26331 130.05398 214.23871 416.35933 316.25186
 [358] 328.21580 446.86029 216.09426 154.43832 218.81476 410.85996 130.98176
 [365] 164.55941 127.55265 326.98574 408.13946  90.57888 178.77253 235.80675
 [372]  85.34436 293.36242 568.97955 292.79529 254.86076 344.28001 347.67613
 [379] 540.33413 303.21867 245.61732 222.20643 206.85082 251.77961 331.34262
 [386] 121.73831 181.24088 444.48774 332.17460 356.29409 184.00705 364.92027
 [393] 179.65018 249.31127 186.47540 167.37571 188.58310 312.19727 168.91629
 [400] 313.78351 294.11669 489.41654 451.26284 270.29949 111.56710 204.64731
 [407] 139.29743 512.82297 227.49108 322.98128 446.02831 446.64112 129.44118
 [414] 331.07778 282.66975 395.10626 226.51763 259.21764 749.13849 105.71978
 [421] 208.39139 416.40945 380.62830 114.03545 238.22497 469.65392 324.56753
 [428] 124.15653 287.34160 157.46934 689.11447 315.27841 200.95336 411.78773
 [435] 382.43372 171.02399 383.70945 147.00030 227.49108 329.80205 388.94397
 [442] 370.20493 205.31024 163.63164 413.32831 203.15687 522.82069 196.89877
 [449] 363.06919 188.58310 174.15081 219.17541 531.09069 371.74550 111.83194
 [456] 477.35679 155.97890 187.97030 331.34262 435.50914 167.72367 131.59456
 [463] 315.32408 223.13420 476.87278  71.47919 121.73831 349.82951 116.50379
 [470] 205.31024 337.45925 432.20882 294.90300 358.71231 361.22633 294.90300
 [477] 436.21774 283.55185 657.78600 317.83810 175.95623 383.75512 112.14691
 [484] 190.12368 146.07252 172.61024 550.71183 291.25472 142.99138 109.41372
 [491] 282.27612 226.51763 194.79107 410.29283 426.04653 118.92201 417.28710
 [498] 158.13227 378.73977 293.40809 491.56991 501.16131 304.19211 226.51763
 [505] 220.66585 156.59170 452.80341 238.84222 623.19746 387.66824 454.91111
 [512] 297.37134 309.47676 379.08773 114.03545 573.60127  89.35328 277.43523
 [519] 402.54429 279.63873 290.06210 175.07858 360.34868 234.22050 414.91455
 [526] 105.71978 160.55049 433.35577 272.76783  93.04723 472.51590 273.69561
 [533] 282.93905 372.31263 283.50618 283.86682 164.29457 453.41621 217.58470
 [540] 196.06680 255.47356 149.15367 327.55287 304.28791 291.25472 456.45169
 [547]  99.82232 167.37571 346.43339 254.59592 285.97007 351.05511 454.60883
 [554] 251.51477 163.94661 333.81097 146.73545 299.57039 124.81946 114.03545
 [561] 302.38669 117.11659 352.29785 250.23904 457.68997 201.25565 264.45216
 [568] 349.56467 527.96387 171.02399  75.48811 261.37102 379.18353 281.34835
 [575] 136.21628 206.85082 176.61916 320.87358 244.12242 329.13912 191.70992
 [582] 115.22806 309.47676 219.17541 563.38438 280.47070 307.84039 360.60084
 [589] 140.83800 447.47309 473.44367 152.23482 447.20824 387.49920 208.39139
 [596] 325.84326 427.80627 411.22060 253.36586 208.65623 147.00030 439.20309
 [603] 116.45366 192.27705 261.63586 170.45686 237.91445 417.99570 344.33014
 [610] 283.55185 456.49736 203.76967 280.56650 571.96489 308.54899 329.75638
 [617] 452.70761 319.94581 212.35018 250.33484 314.75695 448.74882 356.55893
 [624] 334.42377 216.44222 462.56385 237.30165 265.99274 493.11049 406.59888
 [631]  87.49773 437.66252 205.52941 317.08383 280.25153 446.02831 134.06290
 [638] 458.96571 170.09622 237.30165 383.75512 167.94284 392.12092 159.67284
 [645] 241.96904 259.83044 442.89704 515.90412 351.00944 189.55655 309.38096
 [652] 283.59752 363.37970 254.90643 394.49346 417.28710 206.23802 199.41279
 [659] 276.72662  83.80378 296.75408 384.63722 289.39917 208.39139 265.06496
 [666] 247.15789 183.39425 226.56330 323.37491 360.25288 158.39711 120.19774
 [673] 200.02559 312.19727 260.53904 146.73545 257.01414 314.93045 373.85320
 [680] 354.18639  98.01691 180.88023 436.12194 205.31024 219.78821 134.06290
 [687] 265.99274 273.69561 257.67707 141.76577 168.30349 400.39092 323.63975
 [694] 465.47596 148.88883 258.28987 294.99434 335.08670 246.32592 176.61916
 [701] 207.68279 209.93196 269.07388 162.75399 267.53331 352.55001 541.78336
 [708] 345.55575 257.98758 178.77253 243.24477 335.91867 264.71701 257.01414
 [715] 213.01311 540.24279 354.09059 193.25050 449.72226 210.85974 187.04253
 [722] 360.91581 168.25336 338.07205 228.32305 371.03690 395.37111 331.34262
 [729] 566.11757 331.34262  99.82232 437.66252 222.86936 308.54899 258.55471
 [736] 205.92304 434.23341 537.82011 124.81946 114.30029 410.81429 345.82059
 [743] 410.51200 134.06290 386.79059  97.66895 119.53481 342.08097 253.93299
 [750] 286.63300 160.60062 271.49210 169.52909 347.09632 345.20779 145.45972
 [757] 230.57222 405.27748  89.96608 348.02409 289.71414 384.58709 153.77539
 [764] 285.44038 230.57222 264.10420 402.80913 138.36965 527.61591 225.24190
 [771] 353.57359 294.29019  93.66003 396.64684 290.98988 278.88446 147.92807
 [778] 429.08200 200.02559 175.69138 388.33117 401.26856 377.54715 184.93483
 [785] 287.51064 370.10913 201.61629 324.91549 160.60062 221.32878 326.15377
 [792] 312.50778 151.00922 217.27419 268.41095 428.37340  82.26321 126.36004
 [799] 286.63300 134.67571 367.69091 226.21535 349.20402 299.57039 226.56330
 [806] 172.87508 331.34262 149.81660 351.10524 287.56077 606.30127 277.95668
 [813] 135.28851 212.03967 368.66435 213.01311 281.96560 205.87737 243.81190
 [820] 242.63197 444.75258  63.16352  92.11945 206.23802 253.32019 180.31310
 [827] 125.69711 386.17779 128.82838 308.54899 386.79059 358.80811 526.99042
 [834] 269.95153 131.59456 163.36679 366.15033 519.03094 491.00278 491.09858
 [841] 273.69561 321.48638 275.23618 147.61310 280.47070 178.77253 226.46750
 [848] 220.71598 420.14907 265.59465 291.86752 460.41048 213.62591 226.56330
 [855] 187.75113 187.40317 257.98758 699.58798 199.36712 245.39815  77.02869
 [862] 318.35956 401.83569 506.66068 121.73831 382.16887 669.13714 285.04675
 [869] 314.71128 474.27564 509.12902 301.11096 369.54200 248.08567 474.98424
 [876] 200.90769 383.75512 398.18741 231.79783 294.94867 150.08144 196.33164
 [883] 259.21764 292.22816 318.40523 273.03268 227.39528 383.70945 301.81956
 [890] 338.94969 233.38853 142.11373 409.63436 121.73831 165.17221 161.21342
 [897] 457.68997 435.24430 387.76404 114.03545 181.85368 462.04685 223.48216
 [904] 453.41621 358.75798 423.18455 204.38247 211.37674 202.22910 221.94158
 [911] 266.30325 219.74254 220.71598 124.20666 143.91915 206.85082 397.52448
 [918] 145.19488 383.09665 237.91445 184.93483 148.27603 234.26617 177.84476
 [925] 215.07069 260.09528 182.78145 345.77492 272.15503 415.74652 297.76497
 [932] 279.54293 291.25472 522.67922 184.00705 179.70030 303.62498 519.42903
 [939] 470.97532 351.15091 460.50628 342.83524  94.58780 502.96673 250.01987
 [946] 286.63300 182.46648 223.21731 442.28424 215.43133 198.43935 495.92679
 [953] 190.16935 228.05821 276.82242 213.01311 363.06919 328.48065 250.23904
 [960] 573.60127 470.36252 187.04253 427.09767 384.41805 113.42264  93.04723
 [967] 305.11988 304.19211 282.93905 429.91397 494.43189 359.37524 336.57715
 [974] 175.64571 286.63300 203.06107 248.38350 129.44118 270.61446 373.89887
 [981] 174.15081 277.43523  83.80378 458.03793 518.98527 348.59122 202.49394
 [988] 244.07675 198.53515 134.67571 181.85368 225.02273 277.38955  75.48811
 [995] 338.43269 161.21342 273.74128 205.31024 207.11566 384.63722

$ARareas
[1] 7113.543

$MCaaaforMean
[1] 7140.151

$MCaaafor
          711       712
1    6235.256  920.8548
2    5795.192  674.2849
3    6072.619  918.0340
4    6915.719  594.8596
5    5220.673  835.4355
6    6109.464  775.4623
7    6372.700  607.7970
8    5485.218  827.4723
9    5456.401 1012.6967
10   6565.470  646.6092
11   6123.384  672.2236
12   8177.540  751.3885
13   4956.574  559.3890
14   5091.578  943.6484
15   7538.617  698.3587
16   7034.034  620.7344
17   5174.888  702.9805
18   5837.777  597.9408
19   6605.671 1164.3435
20   6906.235  783.1652
21   5730.269 1075.5827
22   5983.822  612.6791
23   7371.238 1009.6156
24   4745.962  741.5323
25   5876.928  523.3976
26   5979.174  750.1083
27   5013.803  946.7296
28   6028.113  751.3885
29   8033.509 1022.5529
30   5789.146  596.4002
31   5782.822  870.9062
32   7525.112  613.9593
33   6672.656  633.4114
34   6629.169  715.9179
35   6612.516  833.3742
36   6525.484  793.2818
37   7167.216  881.7822
38   6666.072  609.5980
39   4764.867  570.7858
40   5843.921  736.9105
41   5650.517  637.0133
42   6193.540  610.8782
43   7836.401  872.1864
44   6458.263  829.2732
45   5934.501  764.3259
46   6136.304 1004.3810
47   5139.674  817.6160
48   6949.041  547.9922
49   6244.154  647.8894
50   7054.187  817.6160
51   8033.607  765.6061
52   6463.304  790.2007
53   5860.958  672.4840
54   5791.284  910.9985
55   6603.618  753.1895
56   6333.757  517.2353
57   5648.538  910.7381
58   6302.542  751.3885
59   5846.716 1064.4463
60   6733.121 1152.9467
61   5272.451  864.1311
62   5746.985  788.3997
63   6652.859  982.2002
64   5220.188  945.1890
65   6233.840  762.5249
66   6793.780  793.5422
67   6892.090  815.8151
68   4886.979  777.0029
69   5014.871 1025.6341
70   6019.379  893.4394
71   5337.073  688.5025
72   4499.688  468.8272
73   6621.260  867.3042
74   6555.470  640.0945
75   5900.331  828.7525
76   7920.220 1130.4134
77   7808.158  509.1800
78   8619.750  560.6692
79   6914.925  594.8596
80   7025.312  802.8777
81   6604.703  625.3561
82   6735.141  957.8660
83   5297.078 1024.0935
84   6334.243  736.9105
85   5964.805  845.0314
86   7143.775  909.4580
87   5831.641 1011.1561
88   7135.784  869.1052
89   7148.868 1101.7179
90   4658.644  607.7970
91   6622.556  672.2236
92   6317.180  970.5430
93   6760.952  533.5142
94   8334.007  493.1614
95   5878.923  738.4511
96   5500.757  982.2002
97   6502.000  544.9110
98   6492.899  651.2309
99   5004.013  698.3587
100  7376.395  533.5142
101  6927.894  520.5768
102  6598.897  598.2011
103  5259.797  788.6601
104  6571.524  712.5763
105  6422.493  896.2602
106  6657.361  625.3561
107  8072.393 1024.0935
108  7518.398 1141.5498
109  6632.668  688.2421
110  5452.766  691.8440
111  5780.346  675.8255
112  6629.331  854.6272
113  7153.699  939.6941
114  6460.906  738.4511
115  7889.195  843.2304
116  6913.118 1151.9269
117  6319.100  751.3885
118  6088.057  467.2867
119  6451.907  883.5832
120  8313.185  957.8660
121  6127.842  673.7641
122  6393.388  791.7412
123  7835.792 1053.0494
124  6266.059  634.9520
125  6891.766  870.6458
126  5363.050  738.4511
127  6917.638  751.6489
128  5952.798  690.0431
129  5781.501  943.6484
130  6987.901  557.5880
131  5802.123  585.0034
132  6746.808  715.6575
133  5406.955  789.9403
134  4873.336 1037.0309
135  6987.551  886.6643
136  5982.517  893.4394
137  6085.496  662.3673
138  6199.226  843.2304
139  6429.155  609.3376
140  7788.078  594.8596
141  6865.036  725.5137
142  6663.697  817.3556
143  5433.457  588.0845
144  5223.428  870.9062
145  5670.842  870.6458
146  6268.387  767.6674
147  6720.703  775.7227
148  6588.475  560.6692
149  5655.414  972.8647
150  5160.871  802.8777
151  6597.367  686.7015
152  7782.783  714.3773
153  6584.740  872.4467
154  6494.852  854.8876
155  7697.047  725.7741
156  5712.104  920.8548
157  5735.132  646.6092
158  8148.902  609.5980
159  4858.974  898.3215
160  6335.521  756.2706
161  5385.652  801.5975
162  5928.498  674.0245
163  7447.172  699.8993
164  5973.696  816.0755
165  7594.203 1167.6850
166  8321.646  677.1057
167  6727.666  881.0228
168  5849.381  893.6998
169  6536.777 1011.1561
170  7167.774  625.3561
171  5459.008  701.1795
172  6322.020  523.3976
173  5239.392 1011.1561
174  7801.786  523.3976
175  6064.142  777.2633
176  6147.875  943.3880
177  6691.553 1086.9795
178  6706.288  803.1381
179  6508.476  609.3376
180  5155.032  962.7481
181  6075.680  738.7115
182  5745.332 1054.3296
183  7489.914  688.5025
184  7181.812  827.4723
185  7256.757  783.4256
186  6136.496  662.6277
187  7135.063  841.9502
188  5774.116  751.3885
189  9045.894  625.6165
190  7540.014  828.7525
191  7131.950 1214.8129
192  7096.233  638.2935
193  6273.214  651.2309
194  6684.222  809.3004
195  6012.910  867.5646
196  5870.591  728.8552
197  6793.815  803.1381
198  6991.618  728.5949
199  6194.961 1074.3025
200  6272.436 1008.0750
201  6102.535  506.0988
202  6138.627  778.8039
203  6124.312  652.7715
204  5484.680  586.5439
205  7839.729  750.1083
206  5749.715  583.2024
207  6260.665  471.9084
208  6488.983  751.6489
209  7101.502  556.3078
210  7384.332  627.1571
211  5847.487  534.7944
212  7065.534  662.6277
213  5657.802  690.0431
214  5906.040  718.7386
215  6338.187  610.8782
216  5035.761  559.1286
217  6919.879  830.8138
218  5575.479  944.9286
219  5924.705  674.0245
220  6066.310  743.0728
221  8301.588  856.4282
222  7134.255  547.9922
223  5226.072  814.2745
224  6649.325  823.7783
225  5253.782  898.0611
226  5169.944  818.8962
227  7677.650  594.8596
228  5251.668  612.1583
229  5520.960  727.3147
230  6966.906  891.8988
231  6691.893 1065.7265
232  5790.846  801.3371
233  6482.600 1115.6751
234  7397.411  882.3030
235  7349.185  754.4696
236  7122.283  744.3530
237  6522.692  699.8993
238  6012.751  906.6372
239  7722.689  714.1169
240  6325.884  764.3259
241  8013.943  620.7344
242  5451.032  789.9403
243  6490.707  932.2516
244  6350.385  960.9471
245  6436.001  646.3488
246  5242.714  662.6277
247  5601.248  546.4516
248  4737.889  647.8894
249  5164.424  723.9731
250  6506.405  962.7481
251  7350.474 1306.3944
252  5706.173  765.8665
253  6765.192  804.6786
254  8603.650 1099.9169
255  5978.913  727.3147
256  6959.860  870.6458
257  7002.279  917.5132
258  5749.980  727.0543
259  6528.344  896.7809
260  7417.132  635.2124
261  7098.842  780.3444
262  4867.677  487.9269
263  6328.801  809.0400
264  6950.411  932.2516
265  6697.714  596.4002
266  6891.882  888.2049
267  7009.790  689.7827
268  6381.037  609.3376
269  5443.024  549.5327
270  6186.537  867.5646
271  6309.410  831.8336
272  5678.202  958.1264
273  5852.344 1114.3949
274  5514.052 1100.1773
275  6828.480  752.9291
276  6262.284  730.1354
277  5331.905  828.7525
278  6723.240  698.3587
279  7442.067  465.7461
280  6627.251  764.5863
281  7926.424  610.8782
282  5337.312  751.3885
283  7604.599  856.1678
284  5953.058  675.8255
285  5064.955  572.0660
286  7975.974  933.5318
287  7218.788  896.5206
288  6448.088  591.4261
289  7853.818  646.8696
290  5913.621  814.2745
291  7151.212  815.8151
292  6955.367  525.1985
293  6230.632  635.2124
294  7142.250  598.2011
295  6559.516  778.8039
296  6607.025  698.3587
297  5724.672  830.2930
298  6030.943  725.2533
299  6932.073  987.0823
300  5657.791  817.6160
301  6281.639  835.1751
302  5625.336  866.0241
303  5822.367  738.1907
304  5478.570 1050.2287
305  6224.105  602.5625
306  7438.656  764.3259
307  7003.961  637.0133
308  7608.796  563.7503
309  6190.479 1009.6156
310  6058.002  752.9291
311  5194.303 1193.2994
312  6676.016  660.8268
313  6507.645 1227.7502
314  6768.117  808.0202
315  7145.793  793.0214
316  4764.647  686.9619
317  5854.148  559.3890
318  7103.071  661.0871
319  6763.402  662.6277
320  6166.990  609.5980
321  5570.974  699.8993
322  5015.612  829.0128
323  5636.133  932.2516
324  7386.313  956.0650
325  7214.695  932.2516
326  6043.729  949.5503
327  7125.877  691.5836
328  6099.568  698.3587
329  5232.380  882.0426
330  6082.341  754.7300
331  5723.162  880.5020
332  6583.985  856.4282
333  6974.763  714.3773
334  5424.439  662.3673
335  5070.698 1089.8003
336  5137.342  531.9736
337  5933.558  770.7486
338  6014.466  713.8565
339  7344.166  777.0029
340  6096.737  820.6972
341  6622.709  665.7089
342  6171.103  843.2304
343  7399.095  971.0638
344  6407.570  560.6692
345  6216.959  648.1498
346  5889.115  609.3376
347  6598.071  738.4511
348  5320.256  804.6786
349  6850.670  379.8061
350  5249.443  857.7084
351  5128.204  611.1385
352  6910.779  664.1683
353  5916.310  724.2335
354  7360.158  685.4214
355  5719.011  829.2732
356  5524.023  866.0241
357  5850.103  829.0128
358  5655.306  727.3147
359  6330.609  909.4580
360  5280.676  882.3030
361  6584.632  815.8151
362  6317.802  985.2813
363  5891.236  583.4628
364  5807.304  707.6022
365  7855.976  754.7300
366  6804.967  714.1169
367  5967.688  882.0426
368  4960.265  652.5111
369  7122.430  883.5832
370  6155.016  777.0029
371  6971.311  894.7196
372  6469.308  830.8138
373  8375.833  886.6643
374  5534.393  610.8782
375  5464.203 1062.6453
376  6351.385  804.9390
377  7338.659 1099.6565
378  8771.780  831.8336
379  6519.846  686.4412
380  4646.631  995.3980
381  5590.336  856.1678
382  8759.788  948.2701
383  5941.248  728.8552
384  5606.148  664.4287
385  5602.739  640.0945
386  5847.031  958.1264
387  5864.674  740.2521
388  6408.596  664.1683
389  6053.665  573.8669
390  4450.759  688.5025
391  6037.762  702.9805
392  5169.635  882.0426
393  5953.443  609.3376
394  7806.259  533.2538
395  5930.652  898.0611
396  4923.144  801.5975
397  6978.407  648.1498
398  5386.721  984.0012
399  5241.242  741.7926
400  5464.220  520.5768
401  6859.947  546.1912
402  6100.759  749.8479
403  6239.278  675.5651
404  8551.040  736.9105
405  5913.252  651.2309
406  6616.560 1269.3832
407  5508.737  573.8669
408  7074.177  841.6899
409  5983.316  636.7529
410  6888.852  441.1515
411  5625.121 1306.3944
412  7706.378  673.7641
413  7348.476  717.4584
414  7861.775  547.7318
415  6425.447  983.7408
416  6267.170  819.1566
417  6164.682  699.6389
418  6154.061  662.6277
419  5621.528  814.5349
420  4666.826  948.2701
421  5294.042  936.8733
422  6217.585  698.0984
423  5657.743  972.6043
424  6120.431  983.7408
425  6727.127  454.3493
426  5161.439  765.8665
427  6099.240  923.6755
428  5759.862  998.4791
429  5388.281  920.8548
430  6512.325  635.2124
431  6408.083  751.3885
432  6790.305  985.2813
433  6301.716  649.6903
434  4987.003  880.7624
435  6707.586  765.8665
436  7685.309  688.5025
437  6445.372  721.8198
438  4827.612  625.3561
439  6121.368  599.4813
440  6051.480  832.0940
441  5593.279  560.6692
442  6063.907  633.6718
443  5780.818  649.6903
444  6414.573  777.2633
445  6131.118  741.7926
446  6665.369  674.0245
447  7022.570  935.3327
448  6096.030  907.6570
449  5914.065  661.0871
450  6181.562  828.7525
451  6029.790  880.5020
452  6338.230  570.5254
453  6701.438  556.3078
454  7144.706  674.0245
455  6151.084  989.9031
456  6685.313  829.2732
457  6914.003  686.9619
458  6662.091  780.0840
459  6728.945  817.6160
460  5626.325  513.5413
461  6329.517 1061.3651
462  6370.389  867.8250
463  5008.251  759.0914
464  7305.538  690.0431
465  6777.663  646.8696
466  4759.364  546.4516
467  6886.475  907.9174
468  6746.489  960.9471
469  5343.871  969.5232
470  5750.832  791.7412
471  4910.179  525.1985
472  4653.582  741.7926
473  5394.216  686.9619
474  6421.323  714.1169
475  7386.931  749.8479
476  5897.364  442.9525
477  6960.302 1035.4903
478  6959.284  844.7710
479  5311.508 1074.3025
480  6382.974  845.0314
481  6537.581 1051.2485
482  4492.834  623.8155
483  7381.910  830.0326
484  6121.167  983.7408
485  5377.176  751.3885
486  5852.570  780.6048
487  7295.831  817.6160
488  5871.307  910.9985
489  4938.423  573.6066
490  5664.314 1024.0935
491  6344.317  534.7944
492  5203.882  741.5323
493  7399.124  596.4002
494  5623.256  885.1237
495  6843.550  675.5651
496  6055.334 1038.3111
497  7390.630  727.3147
498  7590.865 1070.6086
499  8176.883  996.6782
500  6382.939  882.3030
501  6341.336  817.6160
502  5697.255  790.2007
503  7081.793  756.2706
504  6753.775  764.3259
505  5221.716  792.2620
506  6533.728  827.4723
507  6524.235  623.8155
508  6725.057  829.0128
509  6942.069  857.7084
510  5351.723  893.4394
511  7355.666  381.3466
512  6287.318  546.4516
513  5648.770  664.1683
514  6389.249  497.7832
515  5287.144 1176.0007
516  7315.143  817.8764
517  6206.951  906.6372
518  5913.546 1035.4903
519  6248.694  869.1052
520  5292.556  830.2930
521  6202.692  741.7926
522  5853.667  483.3052
523  7056.167 1112.8543
524  7568.012  738.7115
525  6818.026  596.4002
526  4911.973  533.2538
527  8188.208  520.5768
528  6882.467  691.8440
529  6314.189 1048.4277
530  5998.687  893.6998
531  6037.857  544.6506
532  8580.361  816.0755
533  7683.071 1140.2697
534  6722.346  602.3021
535  6071.589  922.3953
536  7909.604  869.1052
537  7621.700  636.4925
538  6958.353  539.4161
539  5545.507  714.1169
540  7146.309  609.5980
541  5448.761  948.0097
542  5099.331  570.7858
543  7217.216  625.3561
544  5616.743  764.0655
545  6878.282 1035.4903
546  5644.478  949.8107
547  6678.558  570.7858
548  7535.452  687.2223
549  6745.942  699.6389
550  7858.570  686.9619
551  6423.435  946.7296
552  5757.914  988.6229
553  7035.280  752.9291
554  6363.335  859.2490
555  4854.858  981.9398
556  5230.645  802.8777
557  8396.995  739.9917
558  6695.336  690.0431
559  6100.100 1101.4575
560  5545.463  841.9502
561  4312.235  782.1454
562  5387.300  702.7201
563  6205.520  484.8458
564  6080.121  765.6061
565  6381.389  845.0314
566  6457.781 1001.5603
567  6323.098  622.2750
568  8720.286  962.2273
569  6128.571  775.7227
570  7283.716  689.7827
571  7010.016 1167.6850
572  6933.900  688.2421
573  5502.445  611.1385
574  5448.929  725.5137
575  7259.524  736.9105
576  6858.276  536.3350
577  5270.544  866.2844
578  6492.778  917.7736
579  8712.845  804.4183
580  4723.682  589.6251
581  7473.393  878.7011
582  6099.559  546.1912
583  6079.054  906.3768
584  5541.464  912.5391
585  6136.216  917.7736
586  6169.996  583.2024
587  6553.169  480.2241
588  6405.101  659.5466
589  7157.991 1230.5710
590  8312.242  581.9222
591  7522.045  661.0871
592  6207.466  609.5980
593  5141.357  602.5625
594  8272.006 1022.5529
595  6521.402  623.8155
596  8017.092  724.2335
597  6998.083  804.9390
598  6502.910  757.5508
599  5373.200 1257.9864
600  6345.061  650.9705
601  6409.190  570.7858
602  6330.311  674.0245
603  6120.302  791.4809
604  6789.808  803.3984
605  5804.231  737.1709
606  6007.582  854.8876
607  7105.517  882.0426
608  6538.881  830.5534
609  6506.625  431.5556
610  6837.000  971.0638
611  7707.937 1114.6553
612  5508.160  611.1385
613  6433.315  625.3561
614  6792.533  611.1385
615  6924.506  843.4908
616  8571.556  880.5020
617  5921.509  765.8665
618  5427.839  816.0755
619  5923.263  791.4809
620  5141.278  970.8034
621  7049.251  907.9174
622  4586.512  636.7529
623  6245.309  648.4101
624  5590.881  673.7641
625  7251.294  919.0538
626  5591.639  891.8988
627  4990.025  853.3471
628  6771.193  932.2516
629  7030.934 1025.8945
630  6251.099  869.3656
631  5521.527  870.6458
632  6427.247  597.6804
633  5592.657  711.0358
634  7624.884  853.0867
635  7256.204  596.4002
636  5622.081 1033.6894
637  5980.113  764.3259
638  7336.438  712.8367
639  6000.273  764.5863
640  5645.698  651.4913
641  6529.228  736.9105
642  6324.529  868.0854
643  7559.515  739.9917
644  6969.281  985.2813
645  5996.830  648.1498
646  6065.190  522.1174
647  6751.711  906.3768
648  5584.553  636.7529
649  5377.720  560.9295
650  4863.606  546.4516
651  6892.458  633.6718
652  6227.633  586.8043
653  6732.858  660.8268
654  6084.921  583.7232
655  5433.397  882.0426
656  5092.412  530.4330
657  5604.176  816.0755
658  6520.157  740.2521
659  5668.122  675.3047
660  5111.387  804.6786
661  5977.648  948.2701
662  5867.635  869.3656
663  7171.858  507.3790
664  4482.316  982.2002
665  6324.116  517.4957
666  5909.170  741.5323
667  5685.320  906.3768
668  6165.770  646.3488
669  5041.729  715.6575
670  6573.391  738.4511
671  7163.223  612.4187
672  5357.336 1075.5827
673  6199.624  867.8250
674  8097.355 1129.1332
675  8151.748  872.4467
676  7263.570  401.0591
677  5187.527  661.0871
678  5499.957  597.9408
679  5721.530  753.1895
680  7553.799  933.7922
681  6514.421  924.9557
682  5460.489  882.0426
683  6185.075  841.6899
684  5467.356  908.1778
685  6091.164  870.6458
686  5735.454  829.0128
687  4829.870  739.9917
688  6386.787  611.1385
689  6901.254  764.3259
690  6061.050  704.2607
691  6386.707  718.7386
692  6509.846  802.8777
693  5112.372  754.7300
694  6460.227  392.7435
695  6269.882 1257.7260
696  5693.020  559.3890
697  6725.270  484.8458
698  5793.120  854.6272
699  5874.907  754.7300
700  5471.044  764.3259
701  6758.928  594.8596
702  7295.389  633.6718
703  7157.369  583.4628
704  6738.508 1193.5598
705  5169.372 1188.6777
706  6756.313  957.8660
707  7207.844  935.3327
708  5844.487  788.6601
709  6188.348  960.9471
710  5077.959  714.1169
711  5983.086  675.5651
712  8454.376  588.3449
713  6916.632  547.9922
714  6911.484 1204.9566
715  5936.823  661.0871
716  6243.432  866.2844
717  7391.640  517.4957
718  6280.190 1100.4377
719  5514.143 1113.1147
720  5786.172  946.4692
721  8000.016  789.9403
722  8199.754  831.8336
723  5401.646  982.2002
724  6124.910  932.5120
725  6297.617  622.5354
726  5626.065  973.8845
727  4863.423  650.9705
728  4748.449  675.3047
729  7204.388  612.4187
730  6220.764  880.7624
731  6885.417  620.7344
732  6725.741  559.1286
733  5927.041  678.9066
734  8361.816 1022.5529
735  6940.405  698.3587
736  5916.576  764.3259
737  6618.597  622.2750
738  6628.543  936.8733
739  6441.792  906.3768
740  6704.962  633.6718
741  6292.125  546.1912
742  7295.900  755.7498
743  6105.475  625.3561
744  6099.942  882.5634
745  6811.326  796.6234
746  5799.813  972.6043
747  4647.547  920.5944
748  6252.612  803.1381
749  7659.672  779.3246
750  6324.144  556.0474
751  6576.159  797.6432
752  5927.951  792.0016
753  7931.503 1116.1958
754  6411.926  620.9948
755  5244.240  685.1610
756  6675.364  623.8155
757  7487.652  595.1200
758  4609.595  559.1286
759  6699.198  661.0871
760  6289.481  651.2309
761  6644.512  648.1498
762  5539.508  572.0660
763  5408.259  639.5737
764  5783.706  536.3350
765  7215.413  544.9110
766  5691.503  673.7641
767  7824.532  866.0241
768  6246.692  686.7015
769  6461.320  702.9805
770  6605.631 1022.5529
771  5297.716  557.8484
772  6347.095  754.2093
773  6531.659 1050.9881
774  8305.477  519.0362
775  7011.595  816.0755
776  7872.235  974.1449
777  7987.725  841.6899
778  4560.545  872.1864
779  6004.056  724.2335
780  6021.868  677.1057
781  5071.742  843.2304
782  6473.212  664.1683
783  6837.143 1087.2399
784  6129.281  623.8155
785  5287.903  522.1174
786  4588.754  638.2935
787  5591.537  919.3142
788  6622.434  510.7206
789  8244.537  751.3885
790  5065.297  898.3215
791  6701.855  815.8151
792  6334.810  757.8112
793  6336.221  880.5020
794  5355.615  778.8039
795  7084.293  835.4355
796  6019.873  690.0431
797  6283.129  972.3440
798  7583.557  833.3742
799  6412.720  674.0245
800  6894.953  983.7408
801  6814.952  764.5863
802  6595.286  881.7822
803  7769.092  493.1614
804  5817.395  715.6575
805  4999.177  733.4770
806  8024.048  788.6601
807  5491.714  708.6220
808  6459.958  620.7344
809  7549.140  854.6272
810  6542.237  854.8876
811  4425.050  896.7809
812  6255.136  751.6489
813  5044.954  625.3561
814  6185.021  519.0362
815  6170.562  646.6092
816  8552.244  751.1281
817  7032.232  775.7227
818  4904.634  751.6489
819  6626.526  959.4066
820  6277.605  546.4516
821  8472.522  741.5323
822  6437.523  686.9619
823  6044.087  702.9805
824  7081.067  547.9922
825  8181.305  827.4723
826  6810.863  859.5093
827  7416.800  894.7196
828  5986.356  766.1268
829  6366.457  819.1566
830  5293.560  444.4930
831  7559.269  698.0984
832  6010.608  725.5137
833  7991.975  802.8777
834  6355.410  831.8336
835  6127.403  854.6272
836  5456.672  715.6575
837  6180.809  569.2452
838  4777.046  699.6389
839  5721.793 1141.5498
840  6076.237 1219.4346
841  5165.350  919.3142
842  7031.829  905.3570
843  5884.811  777.2633
844  6922.346  791.7412
845  5191.530  830.5534
846  6133.936  792.0016
847  5992.602  596.6606
848  6867.243  777.2633
849  6703.813  701.4399
850  6721.197  783.1652
851  5417.660  843.2304
852  6057.875  572.0660
853  6701.631  663.6475
854  5739.469  484.8458
855  7059.216  948.2701
856  6730.378  930.4506
857  5680.489  891.8988
858  7065.625  676.8453
859  7120.393  689.7827
860  5417.917  935.0724
861  6772.310  767.1467
862  5375.298  922.1350
863  8015.889  802.6173
864  7275.745  610.8782
865  5792.709 1040.1121
866  5460.725  906.8976
867  5682.966  686.7015
868  7270.029  493.1614
869  6320.268  853.3471
870  6146.371  987.0823
871  5694.149  544.9110
872  5667.930  804.6786
873  8383.985  803.1381
874  7176.402  843.4908
875  7534.428  891.8988
876  6638.349  804.4183
877  5977.649 1061.3651
878  5157.332 1219.4346
879  6911.245  765.8665
880  6890.104  744.3530
881  7643.353  662.6277
882  7181.098  783.4256
883  6930.555  609.5980
884  6672.404  691.5836
885  7898.717 1086.7191
886  6780.503 1025.6341
887  6249.709  744.6134
888  6912.045  641.3747
889  4836.729  583.7232
890  6773.295  791.7412
891  7247.504  636.4925
892  7056.428  932.2516
893  6275.300  633.6718
894  5524.418  906.3768
895  6609.292  777.0029
896  7764.785  917.7736
897  4719.802  664.1683
898  5223.628  894.9800
899  5672.059  985.2813
900  6791.476  802.8777
901  5644.454  933.5318
902  6166.578  794.5620
903  4999.351  841.9502
904  5499.457  609.5980
905  8086.988  769.2080
906  7351.090  750.1083
907  6454.930  588.3449
908  6753.139  718.7386
909  5678.678  932.2516
910  5956.066  635.4727
911  7811.590  581.9222
912  6706.304 1052.7891
913  7150.742  819.1566
914  5650.663  685.1610
915  6659.188  754.7300
916  6895.954  596.1398
917  5572.832  880.7624
918  4986.078  557.5880
919  6638.736 1012.4363
920  8158.167 1033.9498
921  6331.635  794.8224
922  5995.949  804.6786
923  6991.532  586.8043
924  6614.232  723.9731
925  6287.458  961.2075
926  5816.734 1035.4903
927  5545.172  923.9359
928  5469.315  583.4628
929  7481.446  607.7970
930  7084.685  857.9688
931  6940.852  755.7498
932  6830.810  958.1264
933  8088.711  906.3768
934  6615.162  845.0314
935  6924.262  741.7926
936  6475.115  662.6277
937  6715.258  452.5483
938  6007.214 1035.7507
939  7878.503  635.2124
940  5138.044  752.6687
941  6017.009  866.2844
942  7278.742  499.3237
943  6648.273 1150.1259
944  5575.429  933.5318
945  5447.786  531.7132
946  7304.426  996.6782
947  6779.878  873.7269
948  7183.448  531.9736
949  7097.039 1190.7390
950  6017.522  523.3976
951  6643.809  872.1864
952  7477.399  795.0828
953  8594.828  693.1242
954  5737.838  609.5980
955  7653.757  957.8660
956  5102.449  686.9619
957  5309.825  543.3704
958  5899.042  626.8967
959  5400.373  878.9615
960  5898.235  756.0102
961  5962.220  881.7822
962  5493.698  588.0845
963  4911.001  533.5142
964  5559.558  725.5137
965  5087.695  599.4813
966  5625.210  805.9588
967  5532.967  790.2007
968  6978.940 1091.3408
969  6162.417  649.6903
970  6359.247  661.0871
971  6558.745  701.4399
972  7441.346  820.6972
973  6687.233 1061.1047
974  4843.822  907.9174
975  6995.162  479.9637
976  6109.560  869.3656
977  7048.426  520.5768
978  6399.349  880.5020
979  6665.310  699.8993
980  6732.926  922.3953
981  5553.436  626.8967
982  7017.937  814.2745
983  5807.534  681.7274
984  6388.108  622.5354
985  5853.144  895.2404
986  5965.833  496.2426
987  7568.853  765.8665
988  6869.534 1026.6539
989  6946.068  648.1498
990  6108.964  744.6134
991  6828.596 1081.7450
992  6625.595  664.1683
993  6584.888  675.3047
994  7692.113  788.3997
995  7027.403  661.0871
996  9406.669  648.1498
997  6174.242  576.6877
998  5569.343  635.2124
999  5368.509  685.4214
1000 6830.135  610.8782

