$errorMatrix
         observed
predicted 111 112 171 172 711 712 777
      111  52   0   0   0   0   0   3
      112   0  54   0   0   0   0   1
      171 435   0  13   0   0   0 117
      172   0 270   0   5   0   0   8
      555 452  15   7   0   0   0  91
      711 498   0   0   0   1   0 244
      712   0  42   0   0   0   0  13
      777  16   0   0   0   0   0  42

$errorProportions
         observed
predicted         111         112         171         172         711         712         777
      111 5.16034e-01 0.00000e+00 0.00000e+00 0.00000e+00 0.00000e+00 0.00000e+00 2.97712e-02
      112 0.00000e+00 6.85874e-02 0.00000e+00 0.00000e+00 0.00000e+00 0.00000e+00 1.27014e-03
      171 3.18201e-03 0.00000e+00 9.50946e-05 0.00000e+00 0.00000e+00 0.00000e+00 8.55852e-04
      172 0.00000e+00 1.46190e-04 0.00000e+00 2.70723e-06 0.00000e+00 0.00000e+00 4.33156e-06
      555 7.64962e-03 2.53859e-04 1.18468e-04 0.00000e+00 0.00000e+00 0.00000e+00 1.54008e-03
      711 7.84494e-03 0.00000e+00 0.00000e+00 0.00000e+00 1.57529e-05 0.00000e+00 3.84371e-03
      712 0.00000e+00 3.83373e-04 0.00000e+00 0.00000e+00 0.00000e+00 0.00000e+00 1.18663e-04
      777 9.88365e-02 0.00000e+00 0.00000e+00 0.00000e+00 0.00000e+00 0.00000e+00 2.59446e-01

$rs_AA
  class_code class_desc area_mapped_ha area_est_ha aaboot_mean lci_area_ha uci_area_ha
1        111  Stable LF      814278.96 9.45180e+05 9.45334e+05 8.78475e+05 1.01174e+06
2        112  Stable UF      104219.37 1.03493e+05 1.03467e+05 9.96998e+04 1.05502e+05
3        171 DF Lowland        6165.90 3.18610e+02 3.19305e+02 1.99212e+02 4.52344e+02
4        172  DF Upland         228.60 4.03887e+00 4.04347e+00 1.61555e+00 7.26996e+00
5        711 AR Lowland       17461.62 2.35015e+01 2.37765e+01 0.00000e+00 7.05045e+01
6        712  AR Upland         748.98 0.00000e+00 0.00000e+00 0.00000e+00 0.00000e+00
7        777  Stable NF      534516.03 4.42866e+05 4.42738e+05 3.76122e+05 5.09796e+05

$rs_AA_annual_df
  class_desc area_est_ha aaboot_mean lci_area_ha uci_area_ha
1 DF Lowland   159.30518   159.65231   99.606106   226.17199
2  DF Upland     2.01943     2.02174    0.807774     3.63498
3      Total   161.32461   161.67405  101.625541   228.19143

$rs_AA_annual_ar
   class_desc area_est_ha aaboot_mean lci_area_ha uci_area_ha
3  AR Lowland     11.7508     11.8882           0     35.2523
4   AR Upland      0.0000      0.0000           0      0.0000
31      Total     11.7508     11.8882           0     35.2523

$areaLoss
[1] 159.30518   2.01943

$MCaadeforL
  [1] 142.9355 144.9697 150.1033 166.4729 146.6809 179.0972 153.8486 171.6065 177.3860 113.9416 163.0505 163.0505 105.0627 134.0566 198.8892 161.3393 141.2243 251.4206 152.1374 134.0566 112.2304 151.8145 123.1435
 [24] 146.6809 170.2183 152.1374 139.5131 157.2710 213.5477 177.3860 153.8486 117.6869 202.6346 210.1253  65.1556 229.5944 112.2304 180.8084 154.1716 106.7738 197.5010 159.6281 119.7211 154.1716 159.3052 182.8426
 [47] 204.6688 171.9295 163.0505 107.0968 128.6000 157.2710 139.1902 188.2991 175.6748 134.0566 110.8422 135.7678 146.6809 180.8084 157.5940 141.2243 271.2126 166.4729 187.9762 155.8828 153.8486 141.5473 181.1314
 [70] 197.1781 222.7496 231.3056 188.2991 126.8888 135.7678 110.5192 209.8023 152.1374 117.6869 115.9758 173.6407 144.9697  99.6061  99.6061 159.3052 173.6407 121.4323 182.8426 128.6000 204.6688 219.0042 178.7742
 [93] 195.4669 168.5071 146.6809 150.4262 128.6000 108.4850 170.5412 177.3860 155.5598 130.3112  95.8608 161.3393 153.8486 159.3052 140.9014  97.8949 161.0164 161.3393 182.5196 115.6528 191.7215 108.8080  97.8949
[116] 204.3458  86.9818 184.5538 162.7276 142.9355 119.7211 126.8888 163.0505 103.3515 177.0631 171.9295 103.3515 112.2304 106.7738 177.0631 139.1902 144.9697 229.5944 197.1781  97.8949 110.5192 157.5940 256.8771
[139] 171.9295 173.9636 213.5477 235.0509 153.8486 171.9295 110.5192 140.9014 166.4729 171.9295 134.0566 197.1781 124.8547 164.7617 132.0224 171.9295 192.0445 105.0627 128.6000 191.7215 152.1374 159.3052  94.4725
[162] 146.6809 146.6809 220.7154 128.9230 119.3981 114.2646 146.6809 135.7678 137.4790 105.0627 119.3981 161.0164 180.8084 197.5010 195.7898 164.7617 148.3921 130.3112 119.3981 235.3739 152.1374 179.0972 238.7963
[185] 219.0042 170.2183 110.5192 182.8426 101.3173 177.3860 168.5071 106.7738 177.3860 148.3921 215.2589 148.3921 162.7276 150.4262 154.1716 157.5940 163.0505 134.0566 166.7959 166.4729 274.9580 123.4665 188.2991
[208] 206.3800 123.1435 153.8486 195.4669 283.8369 202.6346 153.8486 114.2646 163.0505 168.1841 115.6528 128.6000 206.3800  63.4444 108.8080 231.3056 132.0224 172.2524 164.7617 204.3458 181.1314 148.3921 179.7431
[231] 134.0566 148.3921 186.2650 142.9355 139.5131 123.1435 163.0505 215.2589 159.3052 177.3860 175.3519 193.7557 144.9697 179.0972 121.4323 177.3860 153.8486 166.4729 164.7617 184.8767 177.3860 161.0164 213.8707
[254] 175.6748 130.3112 105.0627 224.4608 181.1314 159.3052 159.3052 110.5192 154.1716 195.4669 132.0224 141.2243 175.6748 202.6346 143.2585 197.5010 211.8365 175.6748 105.3856 199.2122 193.7557  88.6930 164.7617
[277] 135.7678 255.1659 123.1435  99.6061 200.9234 238.7963 172.2524 141.2243 198.8892 200.9234 110.5192 110.5192 146.6809 181.1314  79.4911 118.0099 121.1093 190.0103 137.8019 184.5538 179.0972 119.3981 175.6748
[300] 134.0566 163.0505  97.8949 105.0627 190.0103 179.0972 164.7617 119.3981 134.0566 172.2524 177.3860 164.4388 137.4790 117.6869 139.5131 123.1435 177.3860 166.4729 187.9762 153.8486 175.3519 219.0042 164.7617
[323] 175.6748 179.0972  94.4725 173.6407 168.5071 146.6809 106.7738 146.6809 202.6346 159.3052 150.1033 193.7557 135.7678 123.1435 146.3579 110.5192  92.4384 135.7678 152.1374  81.5253 173.6407 159.6281 103.3515
[346] 159.3052 166.4729 166.7959 216.9701 184.5538
 [ reached getOption("max.print") -- omitted 9650 entries ]

$MCaadeforU
  [1] 1.615548 3.231095 2.423322 2.019435 2.423322 2.827208 2.423322 2.423322 0.403887 2.019435 2.019435 2.423322 2.019435 1.615548 2.019435 0.807774 2.423322 2.827208 3.634982 1.615548 2.423322 0.000000 3.231095
 [24] 1.211661 1.615548 0.807774 1.211661 2.019435 3.231095 1.211661 1.211661 1.211661 1.615548 1.211661 1.211661 2.019435 2.827208 2.423322 2.019435 2.019435 1.211661 0.807774 1.211661 2.423322 1.615548 2.019435
 [47] 2.019435 2.019435 2.019435 2.019435 0.807774 0.403887 2.019435 3.634982 1.615548 2.827208 3.634982 2.019435 1.615548 2.423322 2.019435 2.019435 0.403887 1.211661 2.827208 0.403887 2.827208 1.211661 2.827208
 [70] 3.231095 2.827208 4.038869 2.423322 2.019435 2.019435 1.211661 4.038869 1.211661 1.615548 1.211661 2.423322 2.019435 1.615548 2.019435 1.615548 2.019435 2.423322 3.231095 3.634982 1.211661 1.615548 0.807774
 [93] 1.615548 1.615548 1.211661 1.615548 0.807774 2.423322 0.403887 3.231095 2.827208 1.615548 2.019435 1.211661 1.615548 2.827208 2.423322 2.423322 1.211661 2.019435 5.250530 0.807774 1.211661 2.019435 0.807774
[116] 2.423322 2.423322 1.615548 2.019435 2.019435 1.211661 2.019435 1.211661 3.231095 2.423322 2.019435 1.211661 1.211661 0.807774 4.846643 2.423322 2.827208 2.019435 2.423322 1.615548 2.827208 0.807774 3.634982
[139] 2.827208 2.827208 2.019435 1.211661 2.423322 1.211661 1.615548 2.827208 2.423322 1.615548 1.211661 0.000000 0.807774 1.211661 3.231095 2.827208 1.615548 2.019435 4.038869 0.807774 2.019435 0.807774 2.423322
[162] 1.615548 1.615548 1.615548 2.423322 2.423322 1.211661 2.019435 2.827208 0.807774 3.634982 0.807774 2.423322 1.211661 1.615548 3.231095 2.019435 1.615548 2.423322 2.423322 0.403887 1.615548 3.231095 0.807774
[185] 1.211661 3.231095 1.211661 2.827208 2.423322 0.403887 2.019435 4.442756 1.615548 2.423322 0.807774 2.019435 2.423322 2.019435 2.423322 0.403887 1.211661 1.615548 3.231095 0.807774 0.403887 2.019435 3.231095
[208] 3.231095 1.615548 1.211661 3.231095 1.211661 3.231095 2.019435 4.038869 4.038869 4.442756 1.615548 1.615548 1.615548 2.827208 3.634982 2.827208 2.423322 1.615548 0.807774 2.019435 2.423322 1.211661 2.019435
[231] 1.615548 2.827208 1.211661 2.423322 0.807774 1.615548 3.231095 1.211661 2.827208 1.615548 2.827208 2.827208 2.019435 0.403887 0.807774 0.403887 0.807774 2.423322 2.019435 0.000000 2.827208 3.634982 1.615548
[254] 1.211661 2.019435 2.423322 1.615548 1.615548 2.019435 2.827208 1.615548 3.634982 1.615548 1.615548 1.211661 1.615548 1.615548 0.807774 0.807774 0.807774 0.807774 0.000000 2.019435 2.019435 1.211661 4.442756
[277] 2.019435 0.403887 2.827208 1.211661 2.423322 2.423322 2.423322 2.827208 2.423322 1.615548 3.231095 2.423322 2.423322 0.403887 2.019435 0.807774 2.827208 1.615548 3.231095 2.019435 2.827208 1.211661 0.807774
[300] 2.827208 1.211661 3.231095 2.827208 1.615548 2.423322 4.038869 2.019435 1.615548 0.807774 0.807774 1.211661 2.423322 2.827208 3.231095 3.231095 2.827208 0.807774 2.423322 1.615548 1.615548 0.807774 2.423322
[323] 0.403887 2.019435 2.019435 1.615548 1.211661 4.846643 2.019435 1.615548 2.827208 0.807774 2.423322 2.019435 1.211661 2.423322 2.423322 2.019435 2.827208 3.231095 2.423322 2.423322 1.615548 1.615548 2.423322
[346] 1.211661 2.019435 1.615548 2.423322 2.019435
 [ reached getOption("max.print") -- omitted 9650 entries ]

$ARareas
[1] 11.7508

$MCaaaforMean
[1] 11.8882

$MCaaafor
        711 712
1    0.0000   0
2   11.7508   0
3    0.0000   0
4    0.0000   0
5   11.7508   0
6    0.0000   0
7    0.0000   0
8    0.0000   0
9   11.7508   0
10  11.7508   0
11   0.0000   0
12  11.7508   0
13  35.2523   0
14  47.0030   0
15  47.0030   0
16   0.0000   0
17  11.7508   0
18  23.5015   0
19  11.7508   0
20  11.7508   0
21   0.0000   0
22  11.7508   0
23   0.0000   0
24   0.0000   0
25  11.7508   0
26  11.7508   0
27  11.7508   0
28   0.0000   0
29  11.7508   0
30   0.0000   0
31  11.7508   0
32   0.0000   0
33   0.0000   0
34  47.0030   0
35   0.0000   0
36   0.0000   0
37  11.7508   0
38  11.7508   0
39  23.5015   0
40  11.7508   0
41  23.5015   0
42   0.0000   0
43  35.2523   0
44  35.2523   0
45  11.7508   0
46  23.5015   0
47   0.0000   0
48  11.7508   0
49   0.0000   0
50   0.0000   0
51  11.7508   0
52  11.7508   0
53   0.0000   0
54  11.7508   0
55  11.7508   0
56  11.7508   0
57  11.7508   0
58  11.7508   0
59  23.5015   0
60  11.7508   0
61  11.7508   0
62  35.2523   0
63   0.0000   0
64  11.7508   0
65   0.0000   0
66  23.5015   0
67  23.5015   0
68   0.0000   0
69   0.0000   0
70   0.0000   0
71   0.0000   0
72  23.5015   0
73  47.0030   0
74  23.5015   0
75  23.5015   0
76  23.5015   0
77   0.0000   0
78  11.7508   0
79  23.5015   0
80   0.0000   0
81   0.0000   0
82  11.7508   0
83  23.5015   0
84  11.7508   0
85  23.5015   0
86  11.7508   0
87  23.5015   0
88  35.2523   0
89  11.7508   0
90  11.7508   0
91   0.0000   0
92  11.7508   0
93   0.0000   0
94  11.7508   0
95   0.0000   0
96  23.5015   0
97  23.5015   0
98  11.7508   0
99  23.5015   0
100 11.7508   0
101 11.7508   0
102  0.0000   0
103  0.0000   0
104  0.0000   0
105 23.5015   0
106  0.0000   0
107 11.7508   0
108 23.5015   0
109 23.5015   0
110 11.7508   0
111 11.7508   0
112 23.5015   0
113 11.7508   0
114 11.7508   0
115 11.7508   0
116 11.7508   0
117 23.5015   0
118  0.0000   0
119 11.7508   0
120 11.7508   0
121 11.7508   0
122 11.7508   0
123 23.5015   0
124 23.5015   0
125 35.2523   0
126 23.5015   0
127  0.0000   0
128 11.7508   0
129 23.5015   0
130  0.0000   0
131 23.5015   0
132 35.2523   0
133 11.7508   0
134 11.7508   0
135  0.0000   0
136  0.0000   0
137  0.0000   0
138 11.7508   0
139 23.5015   0
140  0.0000   0
141 23.5015   0
142 11.7508   0
143 35.2523   0
144 23.5015   0
145 11.7508   0
146 11.7508   0
147  0.0000   0
148  0.0000   0
149 11.7508   0
150 11.7508   0
151  0.0000   0
152  0.0000   0
153  0.0000   0
154 11.7508   0
155  0.0000   0
156 23.5015   0
157 11.7508   0
158 23.5015   0
159 23.5015   0
160 11.7508   0
161 23.5015   0
162 11.7508   0
163 11.7508   0
164  0.0000   0
165 11.7508   0
166  0.0000   0
167  0.0000   0
168 11.7508   0
169 35.2523   0
170 23.5015   0
171 11.7508   0
172  0.0000   0
173 11.7508   0
174  0.0000   0
175 47.0030   0
 [ reached 'max' / getOption("max.print") -- omitted 9825 rows ]

