    source_sink estimate_tco2e_yr lci_tco2e_yr uci_tco2e_yr
1         aaeDF        2696830.64   2031259.24   3260331.80
2       aaeFD_L         195316.10    161916.21    228736.98
3     aaeFD_BSW         157487.87     99776.00    223176.63
4      aaeEC_HS         596194.92    508441.42    698390.64
5  aae_Combined        3645829.52   2976765.55   4225803.58
6       aarFD_L         -42361.61    -57728.53    -27754.25
7      aarEC_AR        -327540.86   -473996.79   -200992.90
8      aarEC_HS       -1639123.14  -2003425.12  -1284805.89
9  aar_Combined       -2009025.61  -1634317.65  -2399744.14
10       aaneDF        2696830.64   2031259.24   3260331.80
11       aaneFD         310442.36    242992.18    383361.04
12       aaneEC       -1370469.09  -1756239.30   -987373.21
13          FRL        1636803.91    852317.86   2329141.51
