[1] "Running FRL Estimate Calculations..."
[1] "Sat Jan 22 15:20:51 2022"
  stratum aa_em_tco2e_yr lci_aa_em_tco2e_yr uci_aa_em_tco2e_yr
1 Lowland      377807.95          259850.80          481922.28
2  Upland       14588.23            5004.69           29186.04
3   Total      392396.18          272952.49          498000.50
   year volume
1  2006  79480
2  2007  45122
3  2008  81706
4  2009  59614
5  2010  49814
6  2011  36499
7  2012  30517
8  2013  26947
9  2014  46431
10 2015  51091
11 2016  50825
   year volume_logged_m3 area_logged_ha emissions_tco2e removals_tco2e
1  2006            79480      3512.9920        305998.0    -133897.690
2  2007            45122      2545.5650        173719.7     -87783.810
3  2008            81706      3258.5530        314568.1    -100542.653
4  2009            59614      1165.1907        229513.9     -31722.316
5  2010            49814      1641.1664        191783.9     -38723.322
6  2011            36499       905.4313        140521.2     -18076.937
7  2012            30517       795.6560        117490.4     -12997.041
8  2013            26947      1354.0213        103745.9     -17202.840
9  2014            46431      1427.7555        178759.4     -12956.882
10 2015            51091      1738.0354        196700.4      -9463.603
 [ reached 'max' / getOption("max.print") -- omitted 1 rows ]
'data.frame':	294 obs. of  3 variables:
 $ year   : int  2015 2015 2015 2015 2015 2015 2015 2015 2015 2015 ...
 $ area_ha: num  2.4 9.7 11.3 19.9 21.7 ...
 $ age_yrs: int  4 4 4 4 4 4 5 5 5 5 ...
NULL
  year count   area_ha avg_age_yrs
1 2015    79 1447.0300    17.46835
2 2016    33  830.4200    16.27273
3 2017   122 2709.3500    10.21311
4 2018    60  729.3804     9.75000
  GHG combustion_factor emission_factor global_warming_potential
1 co2              0.46          1580.0                        1
2 ch4              0.46             6.8                       28
3 n2o              0.46             0.2                      265
  year    co2agb   co2bgb       ch4      n2o     total
1 2015 143565.53 37581.46 17300.555 4815.806 203263.35
2 2016  71023.50 18591.97  8558.781 2382.434 100556.69
3 2017 171842.47 44983.57 20708.106 5764.336 243298.49
4 2018  58505.17 15315.02  7050.243 1962.515  82832.95
  aa_em_tco2e_yr lci_aa_em_tco2e_yr uci_aa_em_tco2e_yr
1       157487.9           128030.9           185551.7
[1] 83096.02
  aa_em_tco2e_yr lci_aa_em_tco2e_yr uci_aa_em_tco2e_yr
1       83096.02           58724.16           108540.1
   interval  C_gain_t
1      2006 42195.518
2      2007 38176.897
3      2008 34158.276
4      2009 30139.655
5      2010 26121.035
6      2011 22102.414
7      2012 18083.793
8      2013 14065.173
9      2014 10046.552
10     2015  6027.931
11     2016  2009.310
[1] 22102.41
  aa_removals_tco2e_yr lci_aa_removals_tco2e_yr uci_aa_removals_tco2e_yr
1            -81042.18                -119121.9                -48601.23
   year vol_m3
1  2006  37216
2  2007  50092
3  2008  79869
4  2009  63758
5  2010  92283
6  2011  91025
7  2012  53737
8  2013  63251
9  2014  58542
10 2015  54568
11 2016  39854
   year vol_m3
1  2006 282102
2  2007 294685
3  2008 265046
4  2009 249769
5  2010 256040
6  2011 306684
7  2012 158214
8  2013 668833
9  2014 544902
10 2015 393519
11 2016 259301
[1] 146360.6
[1] "original model of softwood growth"
               5%      95%          
774224.8 640314.9 907206.0  10000.0 
[1] "new data provided by fiji for softwood plantations"
               5%      95%          
536655.4 443835.5 628831.6  10000.0 
          plantations aa_em_tco2e_yr lci_aa_em_tco2e_yr uci_aa_em_tco2e_yr
2    Gross em. Hardw.      154193.61           127113.4          181557.81
1    Gross em. Softw.      442001.31           365048.3          542542.81
3    Gross em. Plant.      596194.92           515291.0          701113.27
21  Gross rem. Hardw.     -864898.30         -1093032.0         -662209.34
11  Gross rem. Softw.     -536655.40          -628831.6         -443835.50
31  Gross rem. Plant.    -1401553.70         -1645934.1        -1174501.00
22     Net em. Hardw.     -710704.69          -940561.1         -505620.83
12     Net em. Softw.      -94654.09          -211855.8           43998.03
32     Net em. Plant.     -805358.79         -1057543.9         -552706.29
[1] "Sat Jan 22 15:21:19 2022"
[1] "Execution time: "
Time difference of 28.3251 secs
$rs_df
  aa_em_tco2e_yr lci_aa_em_tco2e_yr uci_aa_em_tco2e_yr
3       392396.2           272952.5           498000.5

$v_df_L_aae
 [1] 269807.9 440318.5 389206.3 272144.5 396842.9 386533.9 363323.0 376997.8
 [9] 305022.2 416799.7 299668.1 358599.2 429692.7 323708.2 211781.9 415836.0
[17] 480303.3 209392.0 429106.3 260899.1 381204.9 317540.5 210669.2 267295.6
[25] 360134.8 303095.0 304636.4 292646.2 337082.5 366782.2 368475.9 379319.4
[33] 334082.0 315701.4 367902.1 311027.6 412710.0 311772.8 392867.3 489343.3
[41] 336233.8 391269.1 415770.4 324888.5 332212.2 395363.0 375306.7 432369.5
[49] 372665.7 342152.3
 [ reached getOption("max.print") -- omitted 9950 entries ]

$v_df_U_aae
 [1]  6664.902 19705.731 12204.218 25339.856 13107.400 14191.617  5278.028
 [8] 16234.859 15950.462 23350.747  5918.655 20384.563  6580.886 23417.765
[15] 13703.039  6630.706 26047.208  4569.532  6358.169  7293.959  7741.090
[22]  7313.906 20689.630 12526.284 23447.129 11851.433  8642.460 24027.154
[29]  7891.003  7085.091 21026.143 16622.240  6014.726 14374.019  6539.560
[36] 22323.564  5666.997 22464.338  5748.777 33679.695  6235.890 23803.180
[43] 15761.248  4572.616 24229.407 14706.496 21326.636 16985.216 26819.167
[50] 22697.754
 [ reached getOption("max.print") -- omitted 9950 entries ]

$rs_fd_lg
          sourcesink        em       lci       uci
1 FD gross emissions 195316.10 162062.70 228393.71
2  FD gross removals -42361.61 -57150.46 -27790.04
3   FD net emissions 152954.49 116863.93 188489.45

$fd_lg_aane
[1] 152954.5

$v_fd_lg_aae
 [1] 204178.2 206489.1 179592.2 164942.2 214227.6 183968.7 198325.5 191808.6
 [9] 217681.6 230290.7 170989.4 194627.9 180755.0 168445.3 188804.3 217895.4
[17] 201131.5 199437.4 197886.1 178851.0 189500.9 206060.8 217769.4 169316.3
[25] 172248.6 190795.9 181040.5 230342.6 198588.9 188736.5 162912.4 203680.7
[33] 191654.2 182006.4 209190.7 228731.9 212708.0 191087.6 232721.2 226926.6
[41] 185123.1 235033.7 187352.3 202996.2 176955.0 197822.8 178142.6 199679.1
[49] 169103.3 175254.4
 [ reached getOption("max.print") -- omitted 9950 entries ]

$v_fd_lg_aar
 [1] 49070.29 59931.70 57393.62 53693.90 36507.45 29935.45 28474.01 41351.42
 [9] 30300.23 48339.39 53207.99 57409.20 26712.35 37043.96 41329.29 36800.07
[17] 37603.61 50198.45 35841.00 38553.87 42261.23 38573.43 55435.25 39220.92
[25] 54288.30 42678.74 35311.42 44149.34 36858.77 25077.42 30896.09 39348.95
[33] 54684.49 43476.81 45404.95 49456.31 43906.72 41037.34 49085.75 45721.47
[41] 52512.40 29119.07 36905.54 38210.31 37435.28 30513.94 44272.29 28027.76
[49] 53779.96 30147.37
 [ reached getOption("max.print") -- omitted 9950 entries ]

$v_fd_lg_aane
 [1] 155107.9 146557.4 122198.6 111248.3 177720.1 154033.2 169851.5 150457.2
 [9] 187381.3 181951.3 117781.4 137218.7 154042.7 131401.3 147475.0 181095.3
[17] 163527.9 149238.9 162045.1 140297.1 147239.7 167487.3 162334.1 130095.4
[25] 117960.3 148117.1 145729.1 186193.3 161730.2 163659.0 132016.3 164331.7
[33] 136969.7 138529.6 163785.8 179275.6 168801.3 150050.3 183635.4 181205.2
[41] 132610.7 205914.6 150446.7 164785.9 139519.7 167308.8 133870.3 171651.4
[49] 115323.4 145107.0
 [ reached getOption("max.print") -- omitted 9950 entries ]

$rs_fd_bb
  aa_em_tco2e_yr lci_aa_em_tco2e_yr uci_aa_em_tco2e_yr
1       157487.9           128030.9           185551.7

$fd_bb_aae
[1] 157487.9

$v_fd_bb_aae
 [1] 146997.3 140046.5 152425.0 133695.1 191443.9 152833.3 145198.9 151830.8
 [9] 166802.7 170167.8 159587.8 146729.0 132580.8 175056.3 176387.7 117831.6
[17] 181832.2 181731.8 159861.2 143439.2 135160.1 168369.9 144661.3 173350.8
[25] 151889.6 128193.8 170721.2 163904.9 151133.1 153739.2 155348.8 169643.4
[33] 156835.0 165679.1 162702.8 163130.3 164099.6 152560.3 168462.0 158555.6
[41] 152109.2 172645.1 167555.6 152310.8 176189.4 179548.1 151711.7 176263.8
[49] 156682.9 152701.6
 [ reached getOption("max.print") -- omitted 9950 entries ]

$rs_fd_fu
  aa_em_tco2e_yr lci_aa_em_tco2e_yr uci_aa_em_tco2e_yr
1       83096.02           58724.16           108540.1

$fd_fu_aae
[1] 83096.02

$v_fd_fu_aae
 [1]  76993.43  75823.97  80694.91  76998.61  70093.21  54939.92  80701.41
 [8]  76290.76  65178.59  87217.07  79762.78  86228.91  97702.41  83866.39
[15]  88713.44  86992.34  52920.65  84201.94  82900.30  78891.31 106325.53
[22]  85335.42 101482.84  86887.06  68546.40  93959.00  62583.05 103867.65
[29]  55401.84  52076.44  62878.75  63224.30  86121.09  93538.59  73526.23
[36]  78767.78  76446.87 120055.68 101305.58  97451.82  97696.74 102785.05
[43]  90012.31  80616.98 115909.12  79710.01  65451.79 104318.09  94779.36
[50]  67119.41
 [ reached getOption("max.print") -- omitted 9950 entries ]

$rs_ec_ar
  aa_removals_tco2e_yr lci_aa_removals_tco2e_yr uci_aa_removals_tco2e_yr
1            -81042.18                -119121.9                -48601.23

$v_ec_ar_aar
 [1]  52945.48 113670.51  76255.24  86121.43  87240.72  69208.96  98167.68
 [8]  91017.30 111429.26  55761.82  66780.98 110456.14  72471.78  40875.28
[15]  46026.20  69702.54  67220.68  89441.34  94443.24 107991.79  64642.86
[22]  73813.47  78028.84  87175.42 151095.85  68012.75  86469.30  58060.85
[29]  87382.67  62848.37  94579.01  70418.69  73187.04 101872.78 124682.79
[36]  83582.74  57913.69  99585.25  65820.58  78218.31  67737.66  65438.35
[43]  80389.25  56120.33  94131.56 143102.00  80568.33 104792.13  84221.51
[50]  94380.49
 [ reached getOption("max.print") -- omitted 9950 entries ]

$ec_hw_aae
[1] 154193.6

$ec_hw_aar
[1] 864898.3

$ec_hw_aane
[1] -710704.7

$lci_ec_hw_aar
      5% 
662209.3 

$uci_ec_hw_aar
    95% 
1093032 

$lci_ec_hw_aae
      5% 
127113.4 

$uci_ec_hw_aae
     95% 
181557.8 

$v_ec_hw_aar
 [1]  750737.1  765344.3  735244.1  885640.9  817674.7  753961.4  870336.6
 [8]  781165.5 1028541.0  879868.7  948975.6  946203.3  887351.1  728641.1
[15]  723895.9 1115131.3 1068361.2  691607.7 1036839.9  917867.6 1003110.1
[22]  834926.8  613081.2  861674.6  913211.6  778615.3  992247.3  675164.8
[29] 1048498.7  807216.5  878234.4  927566.9  911818.0 1185554.8 1052717.3
[36]  977147.4  963146.1  955017.1  726013.4 1000400.0  619877.1  844801.1
[43]  930176.2  781993.6  830153.6  839442.6  773973.9  798962.5 1165343.4
[50]  874689.7
 [ reached getOption("max.print") -- omitted 9950 entries ]

$v_ec_hw_aae
 [1] 130740.9 147938.0 144760.6 168542.0 155425.6 132098.4 150919.4 123959.2
 [9] 153328.8 177996.9 147267.3 127152.8 139393.6 164605.7 142089.2 151588.9
[17] 131918.0 158679.2 164270.9 165393.4 120782.7 153069.4 176203.5 142547.9
[25] 138846.0 171476.4 181130.5 147969.2 151124.3 130842.8 157662.6 170206.0
[33] 155968.7 153805.4 142005.8 134899.1 136179.6 148094.4 162016.1 180519.9
[41] 141460.1 175071.1 135624.8 134880.6 145043.5 150667.6 184143.5 164688.6
[49] 158600.1 128558.3
 [ reached getOption("max.print") -- omitted 9950 entries ]

$v_ec_hw_aane
 [1]  -619996.2  -617406.3  -590483.6  -717098.9  -662249.0  -621863.0
 [7]  -719417.3  -657206.3  -875212.2  -701871.8  -801708.3  -819050.5
[13]  -747957.6  -564035.3  -581806.7  -963542.4  -936443.2  -532928.6
[19]  -872569.1  -752474.2  -882327.4  -681857.3  -436877.7  -719126.7
[25]  -774365.6  -607138.9  -811116.9  -527195.7  -897374.4  -676373.6
[31]  -720571.7  -757360.9  -755849.4 -1031749.4  -910711.5  -842248.3
[37]  -826966.5  -806922.7  -563997.2  -819880.1  -478417.0  -669730.0
[43]  -794551.5  -647113.0  -685110.1  -688775.0  -589830.5  -634273.9
[49] -1006743.3  -746131.3
 [ reached getOption("max.print") -- omitted 9950 entries ]

$lciv_ec_hw_aane
       5% 
-940561.1 

$uciv_ec_hw_aane
      95% 
-505620.8 

$ec_sw_aae
[1] 442001.3

$ec_sw_aar
[1] 536655.4

$lci_ec_sw_aae
      5% 
365048.3 

$uci_ec_sw_aae
     95% 
542542.8 

$lci_ec_sw_aar
      5% 
443835.5 

$uci_ec_sw_aar
     95% 
628831.6 

$v_ec_sw_aae
 [1] 503398.8 385451.8 440609.8 529488.2 421981.5 389934.1 460468.3 490376.7
 [9] 423534.9 480284.5 472157.2 515576.6 487734.7 560581.5 387739.9 510940.2
[17] 491183.5 461196.6 437076.0 467468.9 453480.5 467644.3 442263.2 487461.3
[25] 620113.0 375384.7 460673.2 450075.7 503196.2 384760.7 527555.0 487835.7
[33] 517072.5 531765.3 419428.7 368707.4 459329.2 386683.4 475735.3 468672.9
[41] 488492.9 448192.9 522123.7 471116.8 482822.2 453057.0 569827.3 410372.5
[49] 395367.2 376863.0
 [ reached getOption("max.print") -- omitted 9950 entries ]

$v_ec_sw_aar
 [1] 537536.9 547150.5 479607.1 573244.5 562277.6 525668.7 534525.1 518424.9
 [9] 431884.6 522489.1 615439.3 457274.0 501439.5 512375.0 429401.3 428072.6
[17] 407092.7 552946.3 409540.3 545881.0 493881.5 592711.3 529920.4 578740.6
[25] 414990.2 537028.1 588104.1 498461.5 621865.1 457883.7 532131.1 520555.5
[33] 606359.5 567108.6 570392.4 475641.7 525951.8 416583.8 522662.7 539711.7
[41] 478168.0 598673.0 505536.7 590164.9 513098.0 569509.3 445398.4 475101.6
[49] 600361.4 555620.2
 [ reached getOption("max.print") -- omitted 9950 entries ]

$lciv_ec_sw_aane
       5% 
-211855.8 

$uciv_ec_sw_aane
     95% 
43998.03 

$rs_ec_pl
          plantations aa_em_tco2e_yr lci_aa_em_tco2e_yr uci_aa_em_tco2e_yr
2    Gross em. Hardw.      154193.61           127113.4          181557.81
1    Gross em. Softw.      442001.31           365048.3          542542.81
3    Gross em. Plant.      596194.92           515291.0          701113.27
21  Gross rem. Hardw.     -864898.30         -1093032.0         -662209.34
11  Gross rem. Softw.     -536655.40          -628831.6         -443835.50
31  Gross rem. Plant.    -1401553.70         -1645934.1        -1174501.00
22     Net em. Hardw.     -710704.69          -940561.1         -505620.83
12     Net em. Softw.      -94654.09          -211855.8           43998.03
32     Net em. Plant.     -805358.79         -1057543.9         -552706.29

