[1] "Running FRL Estimate Calculations..."
[1] "Wed Sep 29 07:15:46 2021"
  stratum aa_em_tco2e_yr lci_aa_em_tco2e_yr uci_aa_em_tco2e_yr
1 Lowland      2161364.3          1600071.0            2664556
2  Upland       535466.3           355925.3             715425
3   Total      2696830.6          2048439.0            3252371
   year volume
1  2006  79480
2  2007  45122
3  2008  81706
4  2009  59614
5  2010  49814
6  2011  36499
7  2012  30517
8  2013  26947
9  2014  46431
10 2015  51091
11 2016  50825
   year volume_logged_m3 area_logged_ha emissions_tco2e removals_tco2e
1  2006            79480      3512.9920        305998.0    -133897.690
2  2007            45122      2545.5650        173719.7     -87783.810
3  2008            81706      3258.5530        314568.1    -100542.653
4  2009            59614      1165.1907        229513.9     -31722.316
5  2010            49814      1641.1664        191783.9     -38723.322
6  2011            36499       905.4313        140521.2     -18076.937
7  2012            30517       795.6560        117490.4     -12997.041
8  2013            26947      1354.0213        103745.9     -17202.840
9  2014            46431      1427.7555        178759.4     -12956.882
10 2015            51091      1738.0354        196700.4      -9463.603
 [ reached 'max' / getOption("max.print") -- omitted 1 rows ]
'data.frame':	294 obs. of  3 variables:
 $ year   : int  2015 2015 2015 2015 2015 2015 2015 2015 2015 2015 ...
 $ area_ha: num  2.4 9.7 11.3 19.9 21.7 ...
 $ age_yrs: int  4 4 4 4 4 4 5 5 5 5 ...
NULL
  year count   area_ha avg_age_yrs
1 2015    79 1447.0300    17.46835
2 2016    33  830.4200    16.27273
3 2017   122 2709.3500    10.21311
4 2018    60  729.3804     9.75000
  GHG combustion_factor emission_factor global_warming_potential
1 co2              0.46          1580.0                        1
2 ch4              0.46             6.8                       28
3 n2o              0.46             0.2                      265
  year    co2agb   co2bgb       ch4      n2o     total
1 2015 143565.53 37581.46 17300.555 4815.806 203263.35
2 2016  71023.50 18591.97  8558.781 2382.434 100556.69
3 2017 171842.47 44983.57 20708.106 5764.336 243298.49
4 2018  58505.17 15315.02  7050.243 1962.515  82832.95
  aa_em_tco2e_yr lci_aa_em_tco2e_yr uci_aa_em_tco2e_yr
1       157487.9            98770.2           219160.8
[1] 83096.02
  aa_em_tco2e_yr lci_aa_em_tco2e_yr uci_aa_em_tco2e_yr
1       83096.02           58724.16           108540.1
   interval   C_gain_t
1      2006 170537.806
2      2007 154296.110
3      2008 138054.414
4      2009 121812.718
5      2010 105571.023
6      2011  89329.327
7      2012  73087.631
8      2013  56845.935
9      2014  40604.239
10     2015  24362.544
11     2016   8120.848
[1] 89329.33
  aa_removals_tco2e_yr lci_aa_removals_tco2e_yr uci_aa_removals_tco2e_yr
1            -327540.9                -470694.4                -201431.1
   year vol_m3
1  2006  37216
2  2007  50092
3  2008  79869
4  2009  63758
5  2010  92283
6  2011  91025
7  2012  53737
8  2013  63251
9  2014  58542
10 2015  54568
11 2016  39854
   year vol_m3
1  2006 282102
2  2007 294685
3  2008 265046
4  2009 249769
5  2010 256040
6  2011 306684
7  2012 158214
8  2013 668833
9  2014 544902
10 2015 393519
11 2016 259301
[1] 146360.6
[1] "original model of softwood growth"
               5%      95%          
774224.8 640314.9 907206.0  10000.0 
[1] "new data provided by fiji for softwood plantations"
               5%      95%          
536655.4 443835.5 628831.6  10000.0 
          plantations aa_em_tco2e_yr lci_aa_em_tco2e_yr uci_aa_em_tco2e_yr
2    Gross em. Hardw.      154193.61           127113.4          181557.81
1    Gross em. Softw.      442001.31           365048.3          542542.81
3    Gross em. Plant.      596194.92           515291.0          701113.27
21  Gross rem. Hardw.     -864898.30         -1237702.4         -545182.66
11  Gross rem. Softw.     -536655.40          -628831.6         -443835.50
31  Gross rem. Plant.    -1401553.70         -1780948.8        -1066636.53
22     Net em. Hardw.     -710704.69         -1081804.3         -388094.67
12     Net em. Softw.      -94654.09          -211855.8           43998.03
32     Net em. Plant.     -805358.79         -1187864.8         -444504.44
[1] "Wed Sep 29 07:16:33 2021"
[1] "Execution time: "
Time difference of 46.68648 secs
$rs_df
  aa_em_tco2e_yr lci_aa_em_tco2e_yr uci_aa_em_tco2e_yr
3        2696831            2048439            3252371

$v_df_L_aae
 [1] 2259118 1633838 2330071 1743346 2860306 3366326 2046295 2429518 1689207
[10] 1904552 2059349 1676789 2612659 1857342 1511773 2208012 2794558 1928242
[19] 2069460 2401219 2285583 2017636 2226365 2488163 2100371 2393411 2574594
[28] 1877891 2184550 2488844 2024743 2103610 2298142 2681343 2201629 2030507
[37] 1875426 2349897 2488081 2434512 2249353 1890175 2294940 1787759 1644564
[46] 2577992 2443016 2352555 2757348 1936929
 [ reached getOption("max.print") -- omitted 9950 entries ]

$v_df_U_aae
 [1] 576344.4 676613.8 479846.3 516361.5 370322.7 667160.6 339858.6 810601.3
 [9] 453602.9 562435.9 322624.7 640328.8 464409.6 537042.6 472112.0 432283.2
[17] 673494.5 763478.4 654684.5 676165.0 431672.5 444538.9 490062.2 408682.6
[25] 326865.4 441814.1 726095.0 518334.6 702702.9 710159.5 496241.9 576508.3
[33] 462199.7 442271.4 399682.8 346082.2 527044.6 631771.5 604923.3 496154.8
[41] 661294.8 525588.5 401921.4 379363.6 295858.4 483068.6 500725.9 610439.6
[49] 406911.2 540304.2
 [ reached getOption("max.print") -- omitted 9950 entries ]

$rs_fd_lg
          sourcesink        em       lci       uci
1 FD gross emissions 195316.10 162062.70 228393.71
2  FD gross removals -42361.61 -57150.46 -27790.04
3   FD net emissions 152954.49 116863.93 188489.45

$fd_lg_aane
[1] 152954.5

$v_fd_lg_aae
 [1] 204178.2 206489.1 179592.2 164942.2 214227.6 183968.7 198325.5 191808.6
 [9] 217681.6 230290.7 170989.4 194627.9 180755.0 168445.3 188804.3 217895.4
[17] 201131.5 199437.4 197886.1 178851.0 189500.9 206060.8 217769.4 169316.3
[25] 172248.6 190795.9 181040.5 230342.6 198588.9 188736.5 162912.4 203680.7
[33] 191654.2 182006.4 209190.7 228731.9 212708.0 191087.6 232721.2 226926.6
[41] 185123.1 235033.7 187352.3 202996.2 176955.0 197822.8 178142.6 199679.1
[49] 169103.3 175254.4
 [ reached getOption("max.print") -- omitted 9950 entries ]

$v_fd_lg_aar
 [1] 49070.29 59931.70 57393.62 53693.90 36507.45 29935.45 28474.01 41351.42
 [9] 30300.23 48339.39 53207.99 57409.20 26712.35 37043.96 41329.29 36800.07
[17] 37603.61 50198.45 35841.00 38553.87 42261.23 38573.43 55435.25 39220.92
[25] 54288.30 42678.74 35311.42 44149.34 36858.77 25077.42 30896.09 39348.95
[33] 54684.49 43476.81 45404.95 49456.31 43906.72 41037.34 49085.75 45721.47
[41] 52512.40 29119.07 36905.54 38210.31 37435.28 30513.94 44272.29 28027.76
[49] 53779.96 30147.37
 [ reached getOption("max.print") -- omitted 9950 entries ]

$v_fd_lg_aane
 [1] 155107.9 146557.4 122198.6 111248.3 177720.1 154033.2 169851.5 150457.2
 [9] 187381.3 181951.3 117781.4 137218.7 154042.7 131401.3 147475.0 181095.3
[17] 163527.9 149238.9 162045.1 140297.1 147239.7 167487.3 162334.1 130095.4
[25] 117960.3 148117.1 145729.1 186193.3 161730.2 163659.0 132016.3 164331.7
[33] 136969.7 138529.6 163785.8 179275.6 168801.3 150050.3 183635.4 181205.2
[41] 132610.7 205914.6 150446.7 164785.9 139519.7 167308.8 133870.3 171651.4
[49] 115323.4 145107.0
 [ reached getOption("max.print") -- omitted 9950 entries ]

$rs_fd_bb
  aa_em_tco2e_yr lci_aa_em_tco2e_yr uci_aa_em_tco2e_yr
1       157487.9            98770.2           219160.8

$fd_bb_aae
[1] 157487.9

$v_fd_bb_aae
 [1] 139113.78 118063.30 177517.67 108021.21 153744.39 173186.86 130764.63
 [8] 133058.42 162455.01 168324.29 123239.35 142496.65  86848.61 139504.92
[15] 185598.22 149745.99 167642.73 157963.42 177503.09 214400.51 106620.69
[22] 175127.59 151098.26 188868.22 189814.70 140177.35 147951.90 131310.57
[29] 130959.85 172985.30 141303.60 168093.69 117443.03 163833.70 196920.13
[36] 156096.72 149654.26 186485.99 168445.27 173841.99 181738.41 163160.94
[43] 195925.48 164222.91 169620.17 242799.70 157041.03 161665.71 119294.69
[50] 203062.84
 [ reached getOption("max.print") -- omitted 9950 entries ]

$rs_fd_fu
  aa_em_tco2e_yr lci_aa_em_tco2e_yr uci_aa_em_tco2e_yr
1       83096.02           58724.16           108540.1

$fd_fu_aae
[1] 83096.02

$v_fd_fu_aae
 [1]  76993.43  75823.97  80694.91  76998.61  70093.21  54939.92  80701.41
 [8]  76290.76  65178.59  87217.07  79762.78  86228.91  97702.41  83866.39
[15]  88713.44  86992.34  52920.65  84201.94  82900.30  78891.31 106325.53
[22]  85335.42 101482.84  86887.06  68546.40  93959.00  62583.05 103867.65
[29]  55401.84  52076.44  62878.75  63224.30  86121.09  93538.59  73526.23
[36]  78767.78  76446.87 120055.68 101305.58  97451.82  97696.74 102785.05
[43]  90012.31  80616.98 115909.12  79710.01  65451.79 104318.09  94779.36
[50]  67119.41
 [ reached getOption("max.print") -- omitted 9950 entries ]

$rs_ec_ar
  aa_removals_tco2e_yr lci_aa_removals_tco2e_yr uci_aa_removals_tco2e_yr
1            -327540.9                -470694.4                -201431.1

$v_ec_ar_aar
 [1] 209654.3 389204.6 318267.2 433661.2 336373.6 335041.0 429617.3 377457.0
 [9] 461428.3 169487.7 387848.0 366740.0 338039.2 223964.7 247026.9 477475.3
[17] 284071.2 324098.2 329125.0 440360.2 303881.3 284053.3 322621.5 328606.4
[25] 417457.9 283977.7 327291.7 276650.0 332188.4 275718.8 394808.1 352927.1
[33] 396168.3 376984.7 351296.1 335984.1 225591.7 420694.8 189715.8 345430.1
[41] 238683.5 273684.1 413804.3 217076.2 366065.9 433611.4 378197.2 295458.2
[49] 270394.2 368290.5
 [ reached getOption("max.print") -- omitted 9950 entries ]

$ec_hw_aae
[1] 154193.6

$ec_hw_aar
[1] 864898.3

$ec_hw_aane
[1] -710704.7

$lci_ec_hw_aar
      5% 
545182.7 

$uci_ec_hw_aar
    95% 
1237702 

$lci_ec_hw_aae
      5% 
127113.4 

$uci_ec_hw_aae
     95% 
181557.8 

$v_ec_hw_aar
 [1]  755222.1  615173.0  824044.2  828597.0  827713.6  666821.1  762513.0
 [8]  891813.6 1163172.2  621509.3 1067016.4  762307.2 1100414.9  633525.5
[15]  767560.8 1127361.1 1049327.7  727948.8  949937.7 1108515.2  983558.5
[22]  937677.7  385430.7 1048060.0  755501.0  868190.3  801306.1  701591.5
[29] 1093971.3  755349.7  887937.3  885851.2 1074858.8 1495559.0  979469.4
[36]  994365.4 1070885.9  901173.1  605211.1  985440.8  517583.9  827338.4
[43] 1043023.0  788445.8  946180.1  769272.1  519727.8  945745.3 1152837.9
[50]  900967.3
 [ reached getOption("max.print") -- omitted 9950 entries ]

$v_ec_hw_aae
 [1] 130740.9 147938.0 144760.6 168542.0 155425.6 132098.4 150919.4 123959.2
 [9] 153328.8 177996.9 147267.3 127152.8 139393.6 164605.7 142089.2 151588.9
[17] 131918.0 158679.2 164270.9 165393.4 120782.7 153069.4 176203.5 142547.9
[25] 138846.0 171476.4 181130.5 147969.2 151124.3 130842.8 157662.6 170206.0
[33] 155968.7 153805.4 142005.8 134899.1 136179.6 148094.4 162016.1 180519.9
[41] 141460.1 175071.1 135624.8 134880.6 145043.5 150667.6 184143.5 164688.6
[49] 158600.1 128558.3
 [ reached getOption("max.print") -- omitted 9950 entries ]

$v_ec_hw_aane
 [1]  -624481.2  -467235.0  -679283.7  -660055.1  -672288.0  -534722.7
 [7]  -611593.6  -767854.4 -1009843.4  -443512.4  -919749.1  -635154.4
[13]  -961021.3  -468919.7  -625471.7  -975772.2  -917409.7  -569269.6
[19]  -785666.9  -943121.8  -862775.8  -784608.2  -209227.2  -905512.0
[25]  -616655.0  -696713.8  -620175.7  -553622.4  -942847.0  -624506.8
[31]  -730274.6  -715645.2  -918890.1 -1341753.6  -837463.6  -859466.3
[37]  -934706.3  -753078.7  -443195.0  -804920.9  -376123.8  -652267.3
[43]  -907398.2  -653565.2  -801136.6  -618604.5  -335584.4  -781056.7
[49]  -994237.7  -772408.9
 [ reached getOption("max.print") -- omitted 9950 entries ]

$lciv_ec_hw_aane
      5% 
-1081804 

$uciv_ec_hw_aane
      95% 
-388094.7 

$ec_sw_aae
[1] 442001.3

$ec_sw_aar
[1] 536655.4

$lci_ec_sw_aae
      5% 
365048.3 

$uci_ec_sw_aae
     95% 
542542.8 

$lci_ec_sw_aar
      5% 
443835.5 

$uci_ec_sw_aar
     95% 
628831.6 

$v_ec_sw_aae
 [1] 503398.8 385451.8 440609.8 529488.2 421981.5 389934.1 460468.3 490376.7
 [9] 423534.9 480284.5 472157.2 515576.6 487734.7 560581.5 387739.9 510940.2
[17] 491183.5 461196.6 437076.0 467468.9 453480.5 467644.3 442263.2 487461.3
[25] 620113.0 375384.7 460673.2 450075.7 503196.2 384760.7 527555.0 487835.7
[33] 517072.5 531765.3 419428.7 368707.4 459329.2 386683.4 475735.3 468672.9
[41] 488492.9 448192.9 522123.7 471116.8 482822.2 453057.0 569827.3 410372.5
[49] 395367.2 376863.0
 [ reached getOption("max.print") -- omitted 9950 entries ]

$v_ec_sw_aar
 [1] 537536.9 547150.5 479607.1 573244.5 562277.6 525668.7 534525.1 518424.9
 [9] 431884.6 522489.1 615439.3 457274.0 501439.5 512375.0 429401.3 428072.6
[17] 407092.7 552946.3 409540.3 545881.0 493881.5 592711.3 529920.4 578740.6
[25] 414990.2 537028.1 588104.1 498461.5 621865.1 457883.7 532131.1 520555.5
[33] 606359.5 567108.6 570392.4 475641.7 525951.8 416583.8 522662.7 539711.7
[41] 478168.0 598673.0 505536.7 590164.9 513098.0 569509.3 445398.4 475101.6
[49] 600361.4 555620.2
 [ reached getOption("max.print") -- omitted 9950 entries ]

$lciv_ec_sw_aane
       5% 
-211855.8 

$uciv_ec_sw_aane
     95% 
43998.03 

$rs_ec_pl
          plantations aa_em_tco2e_yr lci_aa_em_tco2e_yr uci_aa_em_tco2e_yr
2    Gross em. Hardw.      154193.61           127113.4          181557.81
1    Gross em. Softw.      442001.31           365048.3          542542.81
3    Gross em. Plant.      596194.92           515291.0          701113.27
21  Gross rem. Hardw.     -864898.30         -1237702.4         -545182.66
11  Gross rem. Softw.     -536655.40          -628831.6         -443835.50
31  Gross rem. Plant.    -1401553.70         -1780948.8        -1066636.53
22     Net em. Hardw.     -710704.69         -1081804.3         -388094.67
12     Net em. Softw.      -94654.09          -211855.8           43998.03
32     Net em. Plant.     -805358.79         -1187864.8         -444504.44

