    source_sink estimate_tco2e_yr lci_tco2e_yr uci_tco2e_yr
1         aaeDF         2696830.6    2143450.0    3161517.6
2       aaeFD_L          195316.1     185152.6     218263.6
3     aaeFD_BSW          157487.9     108081.2     178760.7
4      aaeEC_HS          596194.9     554021.5     655612.8
5  aae_Combined         3645829.5    3109678.0    4089299.4
6       aarFD_L          -42361.6     -49585.6     -35511.8
7      aarEC_AR         -327540.9    -381407.6    -209026.1
8      aarEC_HS        -1639123.1   -1912150.3   -1380234.5
9  aar_Combined        -2009025.6   -1675274.8   -2286819.3
10       aaneDF         2696830.6    2143450.0    3161517.6
11       aaneFD          310442.4     256766.5     333499.7
12       aaneEC        -1370469.1   -1594489.2   -1025018.6
13          FRL         1636803.9    1226557.6    2142065.5
