        111      112      171      172      711       712      777
1  624699.6 246781.5 98528.57 27607.76 44745.33 11840.783 449009.2
2  622782.0 235183.4 79375.31 26801.01 56364.23 10892.935 471813.8
3  635993.4 241427.1 70240.70 32431.25 49360.54 15054.313 458705.4
4  636429.9 250020.0 73034.73 26343.20 47151.67 18315.130 451918.1
5  641337.5 248299.8 82371.57 21390.08 34636.34  8309.088 466868.4
6  627109.3 239793.6 86116.95 22804.01 47721.86  8325.379 471341.7
7  638180.1 241097.0 91442.59 23601.46 50388.39  9704.795 448798.5
8  626353.3 240151.8 83145.51 32248.39 60053.00 19230.121 442030.6
9  652686.7 238996.7 89967.63 24373.62 42366.79  8236.050 446585.3
10 609198.4 244361.2 86073.42 27251.46 49384.43 10181.920 476761.9
